###############################################
# Alcances iniciales
# Version 1
# 
###############################################
0.03093923
0.03083347
0.03088337
0.03099561
0.03112158
0.03126103
0.03141368
0.03157923
0.03175736
0.03194774
0.03215003
0.03236386
0.03258886
0.03282464
0.03307082
0.03320259
0.03331593
0.03344419
0.03358709
0.03374436
0.03391568
0.03410072
0.03429913
0.03451055
0.03473458
0.03497085
0.03521893
0.03547842
0.0357489
0.03602992
0.03632106
0.03662189
0.03693196
0.03725084
0.03757809
0.03791327
0.03825597
0.03860574
0.03896217
0.03932484
0.03969334
0.04006727
0.04044623
0.04082982
0.04121768
0.04160941
0.04200467
0.04240308
0.0428043
0.04320799
0.04361381
0.04402144
0.04443056
0.04484086
0.04525204
0.04566381
0.04607587
0.04648796
0.04689981
0.04731113
0.04772169
0.04813123
0.04853951
0.04894629
0.04935135
0.04975444
0.05015537
0.05055392
0.05094988
0.05134305
0.05173324
0.05212025
0.05250391
0.05288402
0.05326043
0.05363295
0.05400143
0.05436569
0.05472559
0.05508097
0.05539053
0.05564011
0.05588365
0.05612107
0.05635229
0.05657722
0.05679579
0.05700793
0.05721355
0.05741259
0.05760498
0.05779066
0.05796957
0.05814163
0.0583068
0.05846502
0.05861624
0.05876039
0.05889744
0.05902734
0.05915004
0.0592655
0.05937368
0.05947453
0.05956803
0.05965413
0.05973281
0.05980404
0.05986778
0.05992402
0.05997272
0.06001387
0.06004743
0.06007341
0.06009177
0.06010251
0.06010562
0.06010107
0.06008887
0.06006901
0.06004148
0.06000628
0.05996341
0.05997272
0.06001387
0.06004743
0.06007341
0.06009177
0.06010251
0.06010562
0.06010107
0.06008887
0.06006901
0.06004148
0.06000628
0.05996341
0.05991288
0.05985467
0.05978881
0.0597153
0.05963414
0.05954535
0.05944894
0.05934493
0.05923333
0.05911416
0.05898744
0.0588532
0.05871146
0.05856225
0.0584056
0.05824153
0.05807008
0.05789128
0.05770518
0.05751181
0.05731121
0.05710342
0.0568885
0.05666648
0.05643742
0.05620137
0.05595839
0.05566316
0.05529503
0.05492077
0.05454046
0.05415423
0.05376218
0.05336444
0.05296111
0.05255232
0.05213821
0.05171889
0.0512945
0.05086519
0.0504311
0.04999236
0.04954914
0.0491016
0.04864988
0.04819417
0.04773463
0.04727144
0.04680478
0.04633485
0.04586184
0.04538595
0.04490739
0.04442638
0.04394315
0.04345792
0.04297094
0.04248246
0.04199273
0.04150202
0.04101061
0.04051879
0.04002685
0.0395351
0.03904388
0.0385535
0.03806432
0.0375767
0.03709101
0.03660764
0.036127
0.0356495
0.03517558
0.03470569
0.0342403
0.0337799
0.03332499
0.03287609
0.03243374
0.03199851
0.03157097
0.0311517
0.03074134
0.03034049
0.02994981
0.02956996
0.0292016
0.02884542
0.02850211
0.02817236
0.02785687
0.02755635
0.02727148
0.02700294
0.02675142
0.02651756
0.026302
0.02610532
0.0259281
0.02577085
0.02563406
0.02551816
0.0254235
0.02535039
0.0252991
0.02526978
0.02519854
0.02495693
0.02473143
0.02452263
0.0243311
0.02415739
0.02400199
0.02391146
0.02405515
0.02421763
0.02439843
0.02459704
0.02481293
0.02504553
0.02526254
0.02527743
0.0253144
0.02537334
0.02545409
0.02555639
0.02567994
0.02582437
0.02598925
0.02617411
0.02637842
0.02660163
0.02684314
0.02710232
0.02737852
0.02767109
0.02797933
0.02830256
0.02864008
0.02899121
0.02935526
0.02973153
0.03011935
0.03051806
0.030927
0.03134553
0.03177304
0.03220892
0.03265257
0.03310343
0.03356093
0.03402456
0.03449377
0.03496809
0.03544702
0.03593009
0.03641687
0.0369069
0.03739979
0.03789513
0.03839253
0.03889162
0.03939203
0.03989343
0.04039549
0.04089788
0.04140028
0.04190242
0.04240399
0.04290472
0.04340435
0.04390261
0.04439925
0.04489405
0.04538675
0.04587714
0.04636501
0.04685013
0.04733231
0.04781135
0.04828705
0.04875925
0.04922774
0.04969237
0.05015296
0.05060935
0.05106138
0.0515089
0.05195175
0.0523898
0.05282291
0.05325093
0.05367373
0.05409119
0.05450318
0.05490958
0.05531027
0.05570514
0.05609408
0.05647697
0.05685372
0.05717955
0.0574305
0.0576745
0.05791151
0.05814146
0.05836432
0.05858002
0.05878853
0.0589898
0.05918379
0.05937046
0.05954976
0.05972167
0.05988615
0.06004317
0.06019269
0.0603347
0.06046915
0.06059604
0.06071533
0.060827
0.06093104
0.06102743
0.06111616
0.0611972
0.06127056
0.06133622
0.06139417
0.06144442
0.06148695
0.06152176
0.06154886
0.06156824
0.06157992
0.06158389
0.06158017
0.06156877
0.06154969
0.06152295
0.06148857
0.06144657
0.06144442
0.06148695
0.06152176
0.06154886
0.06156824
0.06157992
0.06158389
0.06158017
0.06156877
0.06154969
0.06152295
0.06148857
0.06144657
0.06139696
0.06133976
0.06127501
0.06120272
0.06112292
0.06103564
0.06094092
0.06083879
0.06072927
0.06061242
0.06048826
0.06035685
0.06021822
0.06007243
0.05991951
0.05975952
0.05959251
0.05941854
0.05923766
0.05904993
0.05885541
0.05865417
0.05844626
0.05823177
0.05801076
0.0577833
0.05754946
0.05730933
0.05706299
0.05681051
0.05655107
0.05619045
0.05582514
0.05545527
0.055081
0.05470249
0.05431989
0.05393336
0.05354307
0.05314919
0.0527519
0.05235137
0.0519478
0.05154138
0.05113229
0.05072075
0.05030696
0.04989113
0.04947347
0.04905422
0.04863361
0.04821186
0.04778923
0.04736596
0.04694231
0.04651855
0.04609494
0.04567176
0.0452493
0.04482784
0.0444077
0.04398918
0.04357259
0.04315825
0.04274651
0.0423377
0.04193217
0.04153028
0.04113238
0.04073885
0.04035008
0.03996644
0.03958834
0.03921616
0.03885033
0.03849126
0.03813936
0.03779505
0.03745877
0.03713095
0.03681201
0.0365024
0.03620254
0.03591287
0.03563382
0.03536581
0.03510926
0.03486459
0.03463219
0.03441247
0.03420579
0.03401252
0.03383301
0.03366758
0.03351655
0.03338019
0.03325877
0.03315252
0.03296484
0.03272118
0.03248835
0.03226675
0.03205673
0.03185866
0.03167287
0.03149971
0.03133948
0.03119248
0.03105898
0.03093923
0.03083347
0.03088337
0.03099561
0.03112158
0.03126103
0.03141368
0.03157923
0.03175736
0.03194774
0.03215003
0.03236386
0.03258886
0.03282464
0.03307082
0.03320259
0.03331593
0.03344419
0.03358709
0.03374436
0.03391568
0.03410072
0.03429913
0.03451055
0.03473458
0.03497085
0.03521893
0.03547842
0.0357489
0.03602992
0.03632106
0.03662189
0.03693196
0.03725084
0.03757809
0.03791327
0.03825597
0.03860574
0.03896217
0.03932484
0.03969334
0.04006727
0.04044623
0.04082982
0.04121768
0.04160941
0.04200467
0.04240308
0.0428043
0.04320799
0.04361381
0.04402144
0.04443056
0.04484086
0.04525204
0.04566381
0.04607587
0.04648796
0.04689981
0.04731113
0.04772169
0.04813123
0.04853951
0.04894629
0.04935135
0.04975444
0.05015537
0.05055392
0.05094988
0.05134305
0.05173324
0.05212025
0.05250391
0.05288402
0.05326043
0.05363295
0.05400143
0.05436569
0.05472559
0.05508097
0.05539053
0.05564011
0.05588365
0.05612107
0.05635229
0.05657722
0.05679579
0.05700793
0.05721355
0.05741259
0.05760498
0.05779066
0.05796957
0.05814163
0.0583068
0.05846502
0.05861624
0.05876039
0.05889744
0.05902734
0.05915004
0.0592655
0.05937368
0.05947453
0.05956803
0.05965413
0.05973281
0.05980404
0.05986778
0.05992402
0.05997272
0.06001387
0.06004743
0.06007341
0.06009177
0.06010251
0.06010562
0.06010107
0.06008887
0.06006901
0.06004148
0.06000628
0.05996341
0.05997272
0.06001387
0.06004743
0.06007341
0.06009177
0.06010251
0.06010562
0.06010107
0.06008887
0.06006901
0.06004148
0.06000628
0.05996341
0.05991288
0.05985467
0.05978881
0.0597153
0.05963414
0.05954535
0.05944894
0.05934493
0.05923333
0.05911416
0.05898744
0.0588532
0.05871146
0.05856225
0.0584056
0.05824153
0.05807008
0.05789128
0.05770518
0.05751181
0.05731121
0.05710342
0.0568885
0.05666648
0.05643742
0.05620137
0.05595839
0.05566316
0.05529503
0.05492077
0.05454046
0.05415423
0.05376218
0.05336444
0.05296111
0.05255232
0.05213821
0.05171889
0.0512945
0.05086519
0.0504311
0.04999236
0.04954914
0.0491016
0.04864988
0.04819417
0.04773463
0.04727144
0.04680478
0.04633485
0.04586184
0.04538595
0.04490739
0.04442638
0.04394315
0.04345792
0.04297094
0.04248246
0.04199273
0.04150202
0.04101061
0.04051879
0.04002685
0.0395351
0.03904388
0.0385535
0.03806432
0.0375767
0.03709101
0.03660764
0.036127
0.0356495
0.03517558
0.03470569
0.0342403
0.0337799
0.03332499
0.03287609
0.03243374
0.03199851
0.03157097
0.0311517
0.03074134
0.03034049
0.02994981
0.02956996
0.0292016
0.02884542
0.02850211
0.02817236
0.02785687
0.02755635
0.02727148
0.02700294
0.02675142
0.02651756
0.026302
0.02610532
0.0259281
0.02577085
0.02563406
0.02551816
0.0254235
0.02535039
0.0252991
0.02526978
0.02519854
0.02495693
0.02473143
0.02452263
0.0243311
0.02415739
0.02400199
0.02391146
0.02405515
0.02421763
0.02439843
0.02459704
0.02481293
0.02504553
0.02526254
0.02527743
0.0253144
0.02537334
0.02545409
0.02555639
0.02567994
0.02582437
0.02598925
0.02617411
0.02637842
0.02660163
0.02684314
0.02710232
0.02737852
0.02767109
0.02797933
0.02830256
0.02864008
0.02899121
0.02935526
0.02973153
0.03011935
0.03051806
0.030927
0.03134553
0.03177304
0.03220892
0.03265257
0.03310343
0.03356093
0.03402456
0.03449377
0.03496809
0.03544702
0.03593009
0.03641687
0.0369069
0.03739979
0.03789513
0.03839253
0.03889162
0.03939203
0.03989343
0.04039549
0.04089788
0.04140028
0.04190242
0.04240399
0.04290472
0.04340435
0.04390261
0.04439925
0.04489405
0.04538675
0.04587714
0.04636501
0.04685013
0.04733231
0.04781135
0.04828705
0.04875925
0.04922774
0.04969237
0.05015296
0.05060935
0.05106138
0.0515089
0.05195175
0.0523898
0.05282291
0.05325093
0.05367373
0.05409119
0.05450318
0.05490958
0.05531027
0.05570514
0.05609408
0.05647697
0.05685372
0.05717955
0.0574305
0.0576745
0.05791151
0.05814146
0.05836432
0.05858002
0.05878853
0.0589898
0.05918379
0.05937046
0.05954976
0.05972167
0.05988615
0.06004317
0.06019269
0.0603347
0.06046915
0.06059604
0.06071533
0.060827
0.06093104
0.06102743
0.06111616
0.0611972
0.06127056
0.06133622
0.06139417
0.06144442
0.06148695
0.06152176
0.06154886
0.06156824
0.06157992
0.06158389
0.06158017
0.06156877
0.06154969
0.06152295
0.06148857
0.06144657
0.06144442
0.06148695
0.06152176
0.06154886
0.06156824
0.06157992
0.06158389
0.06158017
0.06156877
0.06154969
0.06152295
0.06148857
0.06144657
0.06139696
0.06133976
0.06127501
0.06120272
0.06112292
0.06103564
0.06094092
0.06083879
0.06072927
0.06061242
0.06048826
0.06035685
0.06021822
0.06007243
0.05991951
0.05975952
0.05959251
0.05941854
0.05923766
0.05904993
0.05885541
0.05865417
0.05844626
0.05823177
0.05801076
0.0577833
0.05754946
0.05730933
0.05706299
0.05681051
0.05655107
0.05619045
0.05582514
0.05545527
0.055081
0.05470249
0.05431989
0.05393336
0.05354307
0.05314919
0.0527519
0.05235137
0.0519478
0.05154138
0.05113229
0.05072075
0.05030696
0.04989113
0.04947347
0.04905422
0.04863361
0.04821186
0.04778923
0.04736596
0.04694231
0.04651855
0.04609494
0.04567176
0.0452493
0.04482784
0.0444077
0.04398918
0.04357259
0.04315825
0.04274651
0.0423377
0.04193217
0.04153028
0.04113238
0.04073885
0.04035008
0.03996644
0.03958834
0.03921616
0.03885033
0.03849126
0.03813936
0.03779505
0.03745877
0.03713095
0.03681201
0.0365024
0.03620254
0.03591287
0.03563382
0.03536581
0.03510926
0.03486459
0.03463219
0.03441247
0.03420579
0.03401252
0.03383301
0.03366758
0.03404006
0.03338019
0.03325877
0.03315252
0.03296484
0.03272118
0.03248835
0.03226675
0.03205673
0.03185866
0.03167287
0.03149971
0.03133948
0.03119248
0.03105898
