###############################################
# Alcances iniciales
# Version 1
# 
###############################################
0.00474642
0.00321361
0.00321361
0.00400919
0.00630031
0.00898535
0.01176353
0.01454147
0.01727603
0.01994019
0.02251356
0.02497915
0.02732199
0.02952868
0.03158709
0.03348626
0.03521642
0.03676893
0.03813638
0.03931255
0.0402925
0.04107259
0.04165052
0.04202537
0.04216936
0.04194398
0.04152662
0.04092398
0.04014455
0.03919863
0.03809851
0.03685866
0.03549598
0.03403011
0.03248386
0.03088376
0.02926065
0.02765047
0.0260948
0.02464126
0.02334291
0.02225613
0.02143611
0.02092971
0.02076705
0.02076705
0.02095478
0.02147419
0.0222853
0.02333482
0.02456442
0.02591713
0.02734084
0.02878981
0.03022469
0.03161199
0.03292337
0.03413482
0.03522609
0.03618013
0.03698268
0.03762198
0.03808852
0.03837488
0.03838699
0.03810729
0.03763643
0.03697606
0.0361296
0.03510227
0.03390113
0.03253522
0.03101579
0.02935663
0.02757452
0.02569012
0.02372913
0.02172434
0.01971869
0.01776996
0.0159573
0.01438836
0.01320066
0.01254322
0.01252614
0.01252614
0.01316311
0.01436476
0.01599048
0.0179027
0.01999061
0.02217142
0.02438399
0.02658238
0.02873098
0.03080133
0.03277004
0.03461744
0.03632679
0.03788372
0.03927589
0.04049278
0.0415255
0.04236678
0.04301083
0.04345338
0.04369159
0.04355098
0.04317379
0.04259552
0.04182069
0.04085529
0.0397069
0.03838473
0.03689973
0.03526474
0.03349474
0.03160721
0.02962265
0.02756544
0.02546501
0.02335766
0.02128921
0.01931853
0.01752165
0.01599448
0.01484904
0.01419523
0.01410575
0.01410575
0.0145824
0.01555371
0.01690661
0.01852353
0.0203032
0.02216571
0.0240499
0.02590902
0.02770682
0.02941469
0.03100967
0.03247307
0.0337896
0.03494679
0.03593457
0.03674502
0.0373722
0.03781207
0.03806238
0.03799435
0.03768053
0.03718629
0.03651865
0.03568673
0.03470189
0.03357806
0.03233195
0.0309836
0.02955686
0.02808022
0.02658758
0.0251193
0.02372294
0.02245348
0.021372
0.02054188
0.02002154
0.01985459
0.01985459
0.02006034
0.02062927
0.02152591
0.02269734
0.0240832
0.02562341
0.02726273
0.0289525
0.03065084
0.03232195
0.0339353
0.03546479
0.03688803
0.03818575
0.03934141
0.04034082
0.04117194
0.04182465
0.04229064
0.04256332
0.04251035
0.04217935
0.04164424
0.03308427
0.03598537
0.03883083
0.03750261
0.03598862
0.03429641
0.03243478
0.03041377
0.0282447
0.02594023
0.02351456
0.02098383
0.01836689
0.01568712
0.01297643
0.01028586
0.00771677
0.00552428
0.00438418
0.00438418
0.00507905
0.0070713
0.00955126
0.01218579
0.01484907
0.01748186
0.02004916
0.0225265
0.02489466
0.02713762
0.02924149
0.03119409
0.03298468
0.0346039
0.03604369
0.03729732
0.03835939
0.03922582
0.03989396
0.04036256
0.04063186
0.04058108
0.04026929
0.03977487
0.03910632
0.03827405
0.03729055
0.03617063
0.03493163
0.03359375
0.03218051
0.03071918
0.02924137
0.02778352
0.02638726
0.02509927
0.02397016
0.0230518
0.02239263
0.02203137
0.02199032
0.02199032
0.0222709
0.02285325
0.02370025
0.02476394
0.02599218
0.02733356
0.02874043
0.03017021
0.03158566
0.02887781
0.02250239
0.03544559
0.03652356
0.03746565
0.0382571
0.03888552
0.03934069
0.03961437
0.03959356
0.03929153
0.03879281
0.0380977
0.037208
0.03612707
0.03485972
0.03341231
0.0317927
0.0300104
0.02807664
0.02600468
0.02381023
0.02151238
0.01913508
0.01671032
0.01428427
0.01193052
0.00977833
0.00806551
0.00717516
0.00717516
0.00744188
0.00876637
0.01075219
0.01307725
0.01555813
0.0180938
0.02062399
0.02310873
0.02551892
0.02783169
0.03002817
0.03209224
0.03400989
0.03576886
0.03735844
0.03876934
0.03999367
0.0410249
0.04185785
0.04248871
0.04291505
0.03692414
0.03335094
0.04257614
0.04199336
0.04122189
0.04026982
0.03914695
0.03786499
0.03643766
0.034881
0.03321367
0.03145748
0.02963803
0.02778561
0.02593636
0.02413369
0.0224297
0.02088607
0.0195731
0.01856505
0.01792989
0.0177143
0.0177143
0.01792975
0.01854815
0.01951006
0.02074011
0.02216128
0.02370346
0.02530678
0.02692164
0.02850744
0.03003093
0.03146481
0.03278656
0.03397754
0.03502233
0.03590833
0.03662534
0.03716541
0.03752261
0.03767436
0.03746651
0.03707097
0.03649114
0.03573231
0.0348018
0.03370906
0.03246591
0.03108688
0.02958963
0.02799566
0.02633123
0.02462869
0.02292818
0.02127985
0.01974605
0.0184025
0.01733608
0.01663575
0.01637483
0.01637483
0.01658959
0.01726682
0.01834978
0.01975756
0.02140477
0.02321366
0.02511839
0.027065
0.02900955
0.03091604
0.03275466
0.03450039
0.03613201
0.03763137
0.0389829
0.04017327
0.04119114
0.04202697
0.04267293
0.04312278
0.04337187
0.03933561
0.03335094
0.04231915
0.04154606
0.04057494
0.0394112
0.0380617
0.03653473
0.025632
0.02250239
0.03099489
0.02887265
0.02663999
0.02431786
0.02193183
0.01951461
0.01711041
0.01478303
0.01263034
0.01080672
0.00954029
0.00908585
0.00908585
0.00955759
0.01081599
0.01259721
0.01467448
0.01689685
0.01916934
0.02143042
0.02363785
0.02576078
0.0277755
0.02966301
0.03140774
0.03299673
0.0344192
0.03566628
0.03673084
0.0376074
0.03829211
0.0387827
0.03907853
0.0390915
0.03881566
0.03835926
0.03773037
0.03693912
0.03599782
0.03492124
0.03372684
0.03243517
0.03107035
0.02966057
0.02823872
0.02684299
0.02551712
0.02431018
0.02327507
0.02246523
0.0219292
0.02170363
0.02170363
0.02180659
0.02223389
0.02296014
0.02394398
0.0251351
0.02648073
0.02793002
0.0294365
0.03095899
0.03246156
0.0339131
0.0352868
0.03655952
0.03771135
0.03872518
0.03958637
0.04028256
0.03308427
0.04102679
0.04123806
0.04099031
0.04054189
0.03989246
0.03904314
0.03799642
0.03675617
0.03532755
0.03371703
0.03193226
0.02998215
0.02787677
0.02562741
0.02324662
0.02074843
0.01814869
0.01546607
0.01272435
0.00995874
0.00723679
0.00474642
0.00321361
0.00321361
0.00400919
0.00630031
0.00898535
0.01176353
0.01454147
0.01727603
0.01994019
0.02251356
0.02497915
0.02732199
0.02952868
0.03158709
0.03348626
0.03521642
0.03676893
0.03813638
0.03931255
0.0402925
0.04107259
0.04165052
0.04202537
0.04216936
0.04194398
0.04152662
0.04092398
0.04014455
0.03919863
0.03809851
0.03685866
0.03549598
0.03403011
0.03248386
0.03088376
0.02926065
0.02765047
0.0260948
0.02464126
0.02334291
0.02225613
0.02143611
0.02092971
0.02076705
0.02076705
0.02095478
0.02147419
0.0222853
0.02333482
0.02456442
0.02591713
0.02734084
0.02878981
0.03022469
0.03161199
0.03292337
0.03413482
0.03522609
0.03618013
0.03698268
0.03762198
0.03808852
0.03837488
0.03838699
0.03810729
0.03763643
0.03697606
0.0361296
0.03510227
0.03390113
0.03253522
0.03101579
0.02935663
0.02757452
0.02569012
0.02372913
0.02172434
0.01971869
0.01776996
0.0159573
0.01438836
0.01320066
0.01254322
0.01252614
0.01252614
0.01316311
0.01436476
0.01599048
0.0179027
0.01999061
0.02217142
0.02438399
0.02658238
0.02873098
0.03080133
0.03277004
0.03461744
0.03632679
0.03788372
0.03927589
0.04049278
0.0415255
0.04236678
0.04301083
0.04345338
0.04369159
0.04355098
0.04317379
0.04259552
0.04182069
0.04085529
0.0397069
0.03838473
0.03689973
0.03526474
0.03349474
0.03160721
0.02962265
0.02756544
0.02546501
0.02335766
0.02128921
0.01931853
0.01752165
0.01599448
0.01484904
0.01419523
0.01410575
0.01410575
0.0145824
0.01555371
0.01690661
0.01852353
0.0203032
0.02216571
0.0240499
0.02590902
0.02770682
0.02941469
0.03100967
0.03247307
0.0337896
0.03494679
0.03593457
0.03674502
0.0373722
0.03781207
0.03806238
0.03799435
0.03768053
0.03718629
0.03651865
0.03568673
0.03470189
0.03357806
0.03233195
0.0309836
0.02955686
0.02808022
0.02658758
0.0251193
0.02372294
0.02245348
0.021372
0.02054188
0.02002154
0.01985459
0.01985459
0.02006034
0.02062927
0.02152591
0.02269734
0.0240832
0.02562341
0.02726273
0.0289525
0.03065084
0.03232195
0.0339353
0.03546479
0.03688803
0.03818575
0.03934141
0.04034082
0.04117194
0.04182465
0.04229064
0.04256332
0.04251035
0.04217935
0.04164424
0.03308427
0.03598537
0.03883083
0.03750261
0.03598862
0.03429641
0.03243478
0.03041377
0.0282447
0.02594023
0.02351456
0.02098383
0.01836689
0.01568712
0.01297643
0.01028586
0.00771677
0.00552428
0.00438418
0.00438418
0.00507905
0.0070713
0.00955126
0.01218579
0.01484907
0.01748186
0.02004916
0.0225265
0.02489466
0.02713762
0.02924149
0.03119409
0.03298468
0.0346039
0.03604369
0.03729732
0.03835939
0.03922582
0.03989396
0.04036256
0.04063186
0.04058108
0.04026929
0.03977487
0.03910632
0.03827405
0.03729055
0.03617063
0.03493163
0.03359375
0.03218051
0.03071918
0.02924137
0.02778352
0.02638726
0.02509927
0.02397016
0.0230518
0.02239263
0.02203137
0.02199032
0.02199032
0.0222709
0.02285325
0.02370025
0.02476394
0.02599218
0.02733356
0.02874043
0.03017021
0.03158566
0.02887781
0.02250239
0.03544559
0.03652356
0.03746565
0.0382571
0.03888552
0.03934069
0.03961437
0.03959356
0.03929153
0.03879281
0.0380977
0.037208
0.03612707
0.03485972
0.03341231
0.0317927
0.0300104
0.02807664
0.02600468
0.02381023
0.02151238
0.01913508
0.01671032
0.01428427
0.01193052
0.00977833
0.00806551
0.00717516
0.00717516
0.00744188
0.00876637
0.01075219
0.01307725
0.01555813
0.0180938
0.02062399
0.02310873
0.02551892
0.02783169
0.03002817
0.03209224
0.03400989
0.03576886
0.03735844
0.03876934
0.03999367
0.0410249
0.04185785
0.04248871
0.04291505
0.03692414
0.03335094
0.04257614
0.04199336
0.04122189
0.04026982
0.03914695
0.03786499
0.03643766
0.034881
0.03321367
0.03145748
0.02963803
0.02778561
0.02593636
0.02413369
0.0224297
0.02088607
0.0195731
0.01856505
0.01792989
0.0177143
0.0177143
0.01792975
0.01854815
0.01951006
0.02074011
0.02216128
0.02370346
0.02530678
0.02692164
0.02850744
0.03003093
0.03146481
0.03278656
0.03397754
0.03502233
0.03590833
0.03662534
0.03716541
0.03752261
0.03767436
0.03746651
0.03707097
0.03649114
0.03573231
0.0348018
0.03370906
0.03246591
0.03108688
0.02958963
0.02799566
0.02633123
0.02462869
0.02292818
0.02127985
0.01974605
0.0184025
0.01733608
0.01663575
0.01637483
0.01637483
0.01658959
0.01726682
0.01834978
0.01975756
0.02140477
0.02321366
0.02511839
0.027065
0.02900955
0.03091604
0.03275466
0.03450039
0.03613201
0.03763137
0.0389829
0.04017327
0.04119114
0.04202697
0.04267293
0.04312278
0.04337187
0.03933561
0.03335094
0.04231915
0.04154606
0.04057494
0.0394112
0.0380617
0.03653473
0.025632
0.02250239
0.03099489
0.02887265
0.02663999
0.02431786
0.02193183
0.01951461
0.01711041
0.01478303
0.01263034
0.01080672
0.00954029
0.00908585
0.00908585
0.00955759
0.01081599
0.01259721
0.01467448
0.01689685
0.01916934
0.02143042
0.02363785
0.02576078
0.0277755
0.02966301
0.03140774
0.03299673
0.0344192
0.03566628
0.03673084
0.0376074
0.03829211
0.0387827
0.03907853
0.0390915
0.03881566
0.03835926
0.03773037
0.03693912
0.03599782
0.03492124
0.03372684
0.03243517
0.03107035
0.02966057
0.02823872
0.02684299
0.02551712
0.02431018
0.02327507
0.02246523
0.0219292
0.02170363
0.02170363
0.02180659
0.02223389
0.02296014
0.02394398
0.0251351
0.02648073
0.02793002
0.0294365
0.03095899
0.03246156
0.0339131
0.0352868
0.03655952
0.03771135
0.03872518
0.03958637
0.04028256
0.03308427
0.04102679
0.04123806
0.04099031
0.04054189
0.03989246
0.03904314
0.03799642
0.03675617
0.03532755
0.03371703
0.03193226
0.02998215
0.02787677
0.02562741
0.02324662
0.02074843
0.01814869
0.01546607
0.01272435
0.00995874
0.00723679
