###############################################
# Alcances iniciales
# Version 1
# 
###############################################
0.03115109
0.0311682
0.03127697
0.03139939
0.03153522
0.0316842
0.03184605
0.03202047
0.03220713
0.03240571
0.03261584
0.03283719
0.03306936
0.03331199
0.03351119
0.03362084
0.03374531
0.03388436
0.03403771
0.03420507
0.03438612
0.03458053
0.03478794
0.03500799
0.03524031
0.03548448
0.03574012
0.03600681
0.03628413
0.03657166
0.03686898
0.03717565
0.03749124
0.03781534
0.0381475
0.03848731
0.03883435
0.0391882
0.03954844
0.03991467
0.04028648
0.04066349
0.04104531
0.04143156
0.04182186
0.04221584
0.04261316
0.04301346
0.0434164
0.04382164
0.04422887
0.04463775
0.04504799
0.04545928
0.04587132
0.04628383
0.04669652
0.04710913
0.04752139
0.04793304
0.04834383
0.04875351
0.04916185
0.04956861
0.04997356
0.05037649
0.05077718
0.05117543
0.05157103
0.05196378
0.0523535
0.05273998
0.05312306
0.05350256
0.05387829
0.0542501
0.05461782
0.0549813
0.05534037
0.05569161
0.05594599
0.0561944
0.05643676
0.05667298
0.05690298
0.05712668
0.057344
0.05755487
0.05775921
0.05795696
0.05814804
0.0583324
0.05850997
0.05868068
0.05884449
0.05900133
0.05915115
0.05929391
0.05942954
0.05955801
0.05967926
0.05979326
0.05989997
0.05999934
0.06009134
0.06017593
0.06025309
0.06032278
0.06038497
0.06043964
0.06048676
0.06052631
0.06055827
0.06058262
0.06059935
0.06060843
0.06060987
0.06060364
0.06058974
0.06056816
0.06053889
0.06050194
0.06045731
0.06048676
0.06052631
0.06055827
0.06058262
0.06059935
0.06060843
0.06060987
0.06060364
0.06058974
0.06056816
0.06053889
0.06050194
0.06045731
0.06040498
0.06034498
0.06027729
0.06020194
0.06011892
0.06002825
0.05992993
0.059824
0.05971045
0.05958932
0.05946061
0.05932436
0.05918058
0.0590293
0.05887056
0.05870438
0.05853079
0.05834983
0.05816153
0.05796593
0.05776307
0.057553
0.05733576
0.05711139
0.05687994
0.05664147
0.05639603
0.0560909
0.05571934
0.05534157
0.05495769
0.05456781
0.05417205
0.05377051
0.05336331
0.05295057
0.05253241
0.05210896
0.05168036
0.05124673
0.05080823
0.05036498
0.04991714
0.04946486
0.0490083
0.04854762
0.048083
0.04761459
0.04714259
0.04666717
0.04618853
0.04570687
0.04522238
0.04473528
0.04424579
0.04375413
0.04326054
0.04276525
0.04226852
0.04177061
0.04127179
0.04077234
0.04027254
0.03977271
0.03927314
0.03877417
0.03827614
0.03777939
0.03728428
0.03679121
0.03630055
0.03581273
0.03532816
0.03484729
0.03437058
0.0338985
0.03343154
0.03297023
0.0325151
0.03206669
0.03162557
0.03119235
0.03076761
0.030352
0.02994614
0.02955071
0.02916638
0.02879384
0.02843378
0.02808692
0.02775397
0.02743565
0.02713268
0.02684577
0.02657563
0.02632294
0.02608836
0.02587256
0.02567612
0.02549964
0.02534363
0.02520859
0.02509493
0.02500302
0.02493317
0.0248856
0.02486048
0.02480236
0.02455947
0.02433309
0.02412385
0.02393233
0.02375907
0.02360459
0.02357225
0.02372254
0.02389178
0.02407947
0.02428506
0.02450799
0.02474766
0.0248579
0.02487786
0.02492031
0.02498511
0.02507204
0.02518084
0.02531115
0.02546258
0.02563465
0.02582685
0.02603864
0.02626939
0.0265185
0.02678529
0.02706908
0.02736918
0.02768488
0.02801547
0.02836022
0.02871843
0.02908938
0.02947237
0.02986671
0.03027173
0.03068675
0.03111113
0.03154425
0.03198548
0.03243424
0.03288995
0.03335205
0.03382
0.03429329
0.03477142
0.0352539
0.03574028
0.0362301
0.03672293
0.03721836
0.037716
0.03821545
0.03871636
0.03921836
0.03972112
0.0402243
0.04072759
0.04123068
0.04173329
0.04223512
0.04273591
0.04323539
0.04373331
0.04422943
0.0447235
0.0452153
0.04570461
0.04619121
0.0466749
0.04715548
0.04763275
0.04810653
0.04857664
0.0490429
0.04950514
0.0499632
0.05041691
0.05086613
0.0513107
0.05175047
0.05218531
0.05261508
0.05303964
0.05345886
0.05387262
0.05428081
0.05468329
0.05507995
0.05547069
0.05585539
0.05623395
0.05660626
0.05688168
0.05712744
0.05736621
0.05759793
0.05782256
0.05804004
0.05825033
0.05845339
0.05864917
0.05883764
0.05901875
0.05919248
0.05935878
0.05951762
0.05966899
0.05981283
0.05994914
0.06007789
0.06019905
0.0603126
0.06041853
0.06051682
0.06060745
0.06069042
0.06076571
0.06083331
0.06089322
0.06094544
0.06098995
0.06102675
0.06105586
0.06107727
0.06109098
0.06109701
0.06109536
0.06108603
0.06106906
0.06104444
0.0610122
0.06097235
0.06094544
0.06098995
0.06102675
0.06105586
0.06107727
0.06109098
0.06109701
0.06109536
0.06108603
0.06106906
0.06104444
0.0610122
0.06097235
0.06092491
0.06086991
0.06080737
0.06073732
0.06065978
0.06057478
0.06048236
0.06038255
0.06027539
0.06016092
0.06003917
0.05991018
0.05977401
0.05963071
0.0594803
0.05932286
0.05915843
0.05898707
0.05880884
0.05862379
0.05843199
0.0582335
0.05802839
0.05781672
0.05759858
0.05737403
0.05714315
0.05690602
0.05666272
0.05641333
0.05615794
0.05582209
0.05546121
0.05509586
0.0547262
0.05435239
0.05397458
0.05359295
0.05320765
0.05281888
0.05242679
0.05203159
0.05163345
0.05123258
0.05082917
0.05042343
0.05001556
0.04960579
0.04919433
0.04878142
0.04836729
0.04795218
0.04753634
0.04712001
0.04670347
0.04628698
0.04587081
0.04545525
0.04504059
0.04462712
0.04421515
0.04380499
0.04339697
0.0429914
0.04258863
0.04218899
0.04179285
0.04140056
0.04101248
0.040629
0.0402505
0.03987735
0.03950996
0.03914874
0.03879408
0.0384464
0.03810613
0.03777367
0.03744945
0.03713391
0.03682747
0.03653055
0.03624358
0.03596699
0.0357012
0.03544662
0.03520366
0.03497271
0.03475417
0.03454841
0.03435579
0.03417666
0.03401134
0.03386014
0.03372335
0.03360123
0.03349402
0.03327535
0.03303363
0.03280251
0.03258237
0.03237357
0.03217647
0.03199141
0.03181872
0.03165871
0.03151168
0.0313779
0.03125763
0.03115109
0.0311682
0.03127697
0.03139939
0.03153522
0.0316842
0.03184605
0.03202047
0.03220713
0.03240571
0.03261584
0.03283719
0.03306936
0.03331199
0.03351119
0.03362084
0.03374531
0.03388436
0.03403771
0.03420507
0.03438612
0.03458053
0.03478794
0.03500799
0.03524031
0.03548448
0.03574012
0.03600681
0.03628413
0.03657166
0.03686898
0.03717565
0.03749124
0.03781534
0.0381475
0.03848731
0.03883435
0.0391882
0.03954844
0.03991467
0.04028648
0.04066349
0.04104531
0.04143156
0.04182186
0.04221584
0.04261316
0.04301346
0.0434164
0.04382164
0.04422887
0.04463775
0.04504799
0.04545928
0.04587132
0.04628383
0.04669652
0.04710913
0.04752139
0.04793304
0.04834383
0.04875351
0.04916185
0.04956861
0.04997356
0.05037649
0.05077718
0.05117543
0.05157103
0.05196378
0.0523535
0.05273998
0.05312306
0.05350256
0.05387829
0.0542501
0.05461782
0.0549813
0.05534037
0.05569161
0.05594599
0.0561944
0.05643676
0.05667298
0.05690298
0.05712668
0.057344
0.05755487
0.05775921
0.05795696
0.05814804
0.0583324
0.05850997
0.05868068
0.05884449
0.05900133
0.05915115
0.05929391
0.05942954
0.05955801
0.05967926
0.05979326
0.05989997
0.05999934
0.06009134
0.06017593
0.06025309
0.06032278
0.06038497
0.06043964
0.06048676
0.06052631
0.06055827
0.06058262
0.06059935
0.06060843
0.06060987
0.06060364
0.06058974
0.06056816
0.06053889
0.06050194
0.06045731
0.06048676
0.06052631
0.06055827
0.06058262
0.06059935
0.06060843
0.06060987
0.06060364
0.06058974
0.06056816
0.06053889
0.06050194
0.06045731
0.06040498
0.06034498
0.06027729
0.06020194
0.06011892
0.06002825
0.05992993
0.059824
0.05971045
0.05958932
0.05946061
0.05932436
0.05918058
0.0590293
0.05887056
0.05870438
0.05853079
0.05834983
0.05816153
0.05796593
0.05776307
0.057553
0.05733576
0.05711139
0.05687994
0.05664147
0.05639603
0.0560909
0.05571934
0.05534157
0.05495769
0.05456781
0.05417205
0.05377051
0.05336331
0.05295057
0.05253241
0.05210896
0.05168036
0.05124673
0.05080823
0.05036498
0.04991714
0.04946486
0.0490083
0.04854762
0.048083
0.04761459
0.04714259
0.04666717
0.04618853
0.04570687
0.04522238
0.04473528
0.04424579
0.04375413
0.04326054
0.04276525
0.04226852
0.04177061
0.04127179
0.04077234
0.04027254
0.03977271
0.03927314
0.03877417
0.03827614
0.03777939
0.03728428
0.03679121
0.03630055
0.03581273
0.03532816
0.03484729
0.03437058
0.0338985
0.03343154
0.03297023
0.0325151
0.03206669
0.03162557
0.03119235
0.03076761
0.030352
0.02994614
0.02955071
0.02916638
0.02879384
0.02843378
0.02808692
0.02775397
0.02743565
0.02713268
0.02684577
0.02657563
0.02632294
0.02608836
0.02587256
0.02567612
0.02549964
0.02534363
0.02520859
0.02509493
0.02500302
0.02493317
0.0248856
0.02486048
0.02480236
0.02455947
0.02433309
0.02412385
0.02393233
0.02375907
0.02360459
0.02357225
0.02372254
0.02389178
0.02407947
0.02428506
0.02450799
0.02474766
0.0248579
0.02487786
0.02492031
0.02498511
0.02507204
0.02518084
0.02531115
0.02546258
0.02563465
0.02582685
0.02603864
0.02626939
0.0265185
0.02678529
0.02706908
0.02736918
0.02768488
0.02801547
0.02836022
0.02871843
0.02908938
0.02947237
0.02986671
0.03027173
0.03068675
0.03111113
0.03154425
0.03198548
0.03243424
0.03288995
0.03335205
0.03382
0.03429329
0.03477142
0.0352539
0.03574028
0.0362301
0.03672293
0.03721836
0.037716
0.03821545
0.03871636
0.03921836
0.03972112
0.0402243
0.04072759
0.04123068
0.04173329
0.04223512
0.04273591
0.04323539
0.04373331
0.04422943
0.0447235
0.0452153
0.04570461
0.04619121
0.0466749
0.04715548
0.04763275
0.04810653
0.04857664
0.0490429
0.04950514
0.0499632
0.05041691
0.05086613
0.0513107
0.05175047
0.05218531
0.05261508
0.05303964
0.05345886
0.05387262
0.05428081
0.05468329
0.05507995
0.05547069
0.05585539
0.05623395
0.05660626
0.05688168
0.05712744
0.05736621
0.05759793
0.05782256
0.05804004
0.05825033
0.05845339
0.05864917
0.05883764
0.05901875
0.05919248
0.05935878
0.05951762
0.05966899
0.05981283
0.05994914
0.06007789
0.06019905
0.0603126
0.06041853
0.06051682
0.06060745
0.06069042
0.06076571
0.06083331
0.06089322
0.06094544
0.06098995
0.06102675
0.06105586
0.06107727
0.06109098
0.06109701
0.06109536
0.06108603
0.06106906
0.06104444
0.0610122
0.06097235
0.06094544
0.06098995
0.06102675
0.06105586
0.06107727
0.06109098
0.06109701
0.06109536
0.06108603
0.06106906
0.06104444
0.0610122
0.06097235
0.06092491
0.06086991
0.06080737
0.06073732
0.06065978
0.06057478
0.06048236
0.06038255
0.06027539
0.06016092
0.06003917
0.05991018
0.05977401
0.05963071
0.0594803
0.05932286
0.05915843
0.05898707
0.05880884
0.05862379
0.05843199
0.0582335
0.05802839
0.05781672
0.05759858
0.05737403
0.05714315
0.05690602
0.05666272
0.05641333
0.05615794
0.05582209
0.05546121
0.05509586
0.0547262
0.05435239
0.05397458
0.05359295
0.05320765
0.05281888
0.05242679
0.05203159
0.05163345
0.05123258
0.05082917
0.05042343
0.05001556
0.04960579
0.04919433
0.04878142
0.04836729
0.04795218
0.04753634
0.04712001
0.04670347
0.04628698
0.04587081
0.04545525
0.04504059
0.04462712
0.04421515
0.04380499
0.04339697
0.0429914
0.04258863
0.04218899
0.04179285
0.04140056
0.04101248
0.040629
0.0402505
0.03987735
0.03950996
0.03914874
0.03879408
0.0384464
0.03810613
0.03777367
0.03744945
0.03713391
0.03682747
0.03653055
0.03624358
0.03596699
0.0357012
0.03544662
0.03520366
0.03497271
0.03475417
0.03454841
0.03435579
0.03417666
0.03401134
0.03386014
0.03406028
0.03360123
0.03349402
0.03327535
0.03303363
0.03280251
0.03258237
0.03237357
0.03217647
0.03199141
0.03181872
0.03165871
0.03151168
0.0313779
0.03125763
