###############################################
# Alcances iniciales
# Version 1
# 
###############################################
0.05400902
0.05418302
0.0543503
0.05451079
0.05466445
0.05481122
0.05495104
0.05508385
0.05520962
0.05532829
0.05543983
0.05554418
0.05564131
0.05573119
0.05581377
0.05588903
0.05595693
0.05601744
0.05607054
0.05611621
0.05615441
0.05618514
0.05620838
0.0562241
0.0562323
0.05623295
0.05622607
0.05621163
0.05618963
0.05616006
0.05612294
0.05607825
0.05611621
0.05615441
0.05618514
0.05620838
0.0562241
0.0562323
0.05623295
0.05622607
0.05621163
0.05618963
0.05616006
0.05612294
0.05607825
0.056026
0.0559662
0.05589885
0.05582396
0.05574154
0.05565161
0.05555418
0.05544927
0.0553369
0.05521709
0.05508987
0.05495525
0.05481327
0.05466397
0.05450736
0.05434349
0.05417239
0.0539941
0.05380866
0.05361612
0.05341653
0.05320992
0.05299635
0.05277588
0.05254855
0.052247
0.05189752
0.05154206
0.05118072
0.05081362
0.05044089
0.05006264
0.049679
0.04929011
0.0488961
0.04849712
0.04809331
0.04768482
0.0472718
0.04685443
0.04643287
0.04600729
0.04557786
0.04514478
0.04470823
0.04426842
0.04382554
0.04337982
0.04293146
0.04248071
0.04202779
0.04157294
0.04111644
0.04065853
0.04019949
0.03973961
0.03927918
0.03881851
0.03835791
0.03789772
0.03743828
0.03697995
0.03652309
0.0360681
0.03561538
0.03516533
0.0347184
0.03427503
0.0338357
0.03340087
0.03297106
0.03254677
0.03212856
0.03171697
0.03131258
0.03091598
0.03052778
0.03014859
0.02977907
0.02941986
0.02907163
0.02873506
0.02841084
0.02809966
0.02780222
0.0275192
0.02725131
0.02699922
0.0267636
0.02654512
0.02634439
0.02616202
0.02599857
0.02585459
0.02573055
0.0256269
0.025544
0.0254822
0.02544174
0.02542284
0.02518795
0.02496135
0.02475035
0.02455555
0.02437753
0.02421683
0.02407396
0.02411597
0.02426705
0.02443681
0.02462481
0.0248306
0.02505367
0.0252935
0.02542561
0.02545013
0.02549638
0.02556429
0.02565372
0.02576445
0.02589622
0.0260487
0.0262215
0.02641418
0.02662626
0.02685722
0.02710651
0.02737354
0.02765769
0.02795833
0.02827483
0.02860652
0.02895274
0.02931284
0.02968613
0.03007198
0.03046971
0.0308787
0.03129831
0.03172792
0.03216692
0.03261472
0.03307074
0.03353443
0.03400524
0.03448265
0.03496615
0.03545523
0.03594944
0.03644829
0.03695136
0.03745821
0.03796843
0.03848161
0.03899737
0.03951535
0.04003518
0.04055651
0.04107901
0.04160237
0.04212626
0.0426504
0.04317448
0.04369824
0.04422139
0.04474368
0.04526485
0.04578467
0.04630288
0.04681927
0.04733362
0.0478457
0.0483553
0.04886224
0.0493663
0.0498673
0.05036506
0.05085939
0.05135013
0.05183709
0.05232012
0.05279906
0.05327375
0.05374404
0.05420979
0.05467084
0.05512707
0.05557833
0.0560245
0.05646543
0.05690102
0.05733114
0.05775567
0.05817449
0.0585875
0.05899457
0.05939562
0.05979052
0.06015173
0.06041963
0.06068059
0.06093455
0.06118144
0.06142122
0.06165384
0.06187924
0.06209738
0.06230822
0.06251171
0.06270781
0.06289648
0.06307768
0.06325138
0.06341754
0.06357613
0.06372713
0.06387049
0.0640062
0.06413424
0.06425457
0.06436717
0.06447204
0.06456914
0.06465847
0.06474001
0.06481374
0.06487967
0.06493777
0.06498805
0.0650305
0.06506511
0.06509188
0.06511082
0.06512192
0.0651252
0.06512065
0.06510828
0.06508811
0.06506014
0.0650244
0.06498088
0.06498805
0.0650305
0.06506511
0.06509188
0.06511082
0.06512192
0.0651252
0.06512065
0.06510828
0.06508811
0.06506014
0.0650244
0.06498088
0.06492962
0.06487062
0.06480391
0.06472952
0.06464746
0.06455776
0.06446046
0.06435557
0.06424313
0.06412318
0.06399575
0.06386088
0.0637186
0.06356897
0.06341201
0.06324778
0.06307633
0.06289769
0.06271194
0.0625191
0.06231926
0.06211245
0.06189874
0.06167819
0.06145086
0.06121682
0.06097614
0.06072889
0.06047513
0.06021495
0.05994842
0.05967562
0.05929955
0.05891401
0.05852352
0.05812821
0.05772822
0.0573237
0.05691478
0.05650161
0.05608437
0.05566319
0.05523825
0.05480971
0.05437774
0.05394251
0.05350421
0.05306302
0.05261913
0.05217273
0.05172403
0.05127322
0.05082052
0.05036614
0.04991031
0.04945325
0.0489952
0.04853639
0.04807707
0.04761749
0.04715792
0.04669862
0.04623986
0.04578193
0.04532511
0.04486969
0.04441599
0.04396432
0.04351499
0.04306833
0.04262468
0.04218438
0.04174779
0.04131527
0.04088718
0.0404639
0.04004582
0.03963333
0.03922683
0.03882673
0.03843345
0.03804739
0.037669
0.0372987
0.03693693
0.03658412
0.03624072
0.03590717
0.03558392
0.03527139
0.03497004
0.03468029
0.03440257
0.03413731
0.0338849
0.03364575
0.03342025
0.03320875
0.03301161
0.03282916
0.0326617
0.03250951
0.03237285
0.03225195
0.032147
0.03205817
0.03182222
0.03158178
0.03135348
0.03113766
0.03093469
0.0307449
0.03056859
0.03040608
0.03025762
0.03012348
0.03000386
0.02990912
0.03001359
0.03013196
0.03026394
0.03040922
0.03056747
0.03073832
0.03092141
0.03111635
0.03132275
0.0315402
0.03176829
0.03200659
0.03215744
0.03226228
0.03238224
0.03251701
0.03266628
0.03282968
0.03300685
0.0331974
0.03340092
0.03361698
0.03384517
0.03408503
0.03433612
0.03459797
0.03487013
0.03515212
0.0354435
0.03574378
0.0360525
0.03636922
0.03669346
0.03702478
0.03736273
0.03770686
0.03805676
0.03841199
0.03877214
0.03913679
0.03950555
0.03987803
0.04025384
0.04063261
0.04101398
0.0413976
0.04178311
0.04217018
0.04255849
0.04294772
0.04333755
0.04372769
0.04411784
0.04450772
0.04489706
0.04528558
0.04567302
0.04605914
0.04644369
0.04682642
0.04720711
0.04758553
0.04796147
0.04833471
0.04870504
0.04907227
0.04943621
0.04979666
0.05015344
0.05050637
0.05085529
0.05120002
0.05154041
0.05187629
0.05215195
0.05238326
0.05260852
0.05282763
0.05304053
0.05324713
0.05344735
0.05364111
0.05382836
0.05400902
0.05418302
0.0543503
0.05451079
0.05466445
0.05481122
0.05495104
0.05508385
0.05520962
0.05532829
0.05543983
0.05554418
0.05564131
0.05573119
0.05581377
0.05588903
0.05595693
0.05601744
0.05607054
0.05611621
0.05615441
0.05618514
0.05620838
0.0562241
0.0562323
0.05623295
0.05622607
0.05621163
0.05618963
0.05616006
0.05612294
0.05607825
0.05611621
0.05615441
0.05618514
0.05620838
0.0562241
0.0562323
0.05623295
0.05622607
0.05621163
0.05618963
0.05616006
0.05612294
0.05607825
0.056026
0.0559662
0.05589885
0.05582396
0.05574154
0.05565161
0.05555418
0.05544927
0.0553369
0.05521709
0.05508987
0.05495525
0.05481327
0.05466397
0.05450736
0.05434349
0.05417239
0.0539941
0.05380866
0.05361612
0.05341653
0.05320992
0.05299635
0.05277588
0.05254855
0.052247
0.05189752
0.05154206
0.05118072
0.05081362
0.05044089
0.05006264
0.049679
0.04929011
0.0488961
0.04849712
0.04809331
0.04768482
0.0472718
0.04685443
0.04643287
0.04600729
0.04557786
0.04514478
0.04470823
0.04426842
0.04382554
0.04337982
0.04293146
0.04248071
0.04202779
0.04157294
0.04111644
0.04065853
0.04019949
0.03973961
0.03927918
0.03881851
0.03835791
0.03789772
0.03743828
0.03697995
0.03652309
0.0360681
0.03561538
0.03516533
0.0347184
0.03427503
0.0338357
0.03340087
0.03297106
0.03254677
0.03212856
0.03171697
0.03131258
0.03091598
0.03052778
0.03014859
0.02977907
0.02941986
0.02907163
0.02873506
0.02841084
0.02809966
0.02780222
0.0275192
0.02725131
0.02699922
0.0267636
0.02654512
0.02634439
0.02616202
0.02599857
0.02585459
0.02573055
0.0256269
0.025544
0.0254822
0.02544174
0.02542284
0.02518795
0.02496135
0.02475035
0.02455555
0.02437753
0.02421683
0.02407396
0.02411597
0.02426705
0.02443681
0.02462481
0.0248306
0.02505367
0.0252935
0.02542561
0.02545013
0.02549638
0.02556429
0.02565372
0.02576445
0.02589622
0.0260487
0.0262215
0.02641418
0.02662626
0.02685722
0.02710651
0.02737354
0.02765769
0.02795833
0.02827483
0.02860652
0.02895274
0.02931284
0.02968613
0.03007198
0.03046971
0.0308787
0.03129831
0.03172792
0.03216692
0.03261472
0.03307074
0.03353443
0.03400524
0.03448265
0.03496615
0.03545523
0.03594944
0.03644829
0.03695136
0.03745821
0.03796843
0.03848161
0.03899737
0.03951535
0.04003518
0.04055651
0.04107901
0.04160237
0.04212626
0.0426504
0.04317448
0.04369824
0.04422139
0.04474368
0.04526485
0.04578467
0.04630288
0.04681927
0.04733362
0.0478457
0.0483553
0.04886224
0.0493663
0.0498673
0.05036506
0.05085939
0.05135013
0.05183709
0.05232012
0.05279906
0.05327375
0.05374404
0.05420979
0.05467084
0.05512707
0.05557833
0.0560245
0.05646543
0.05690102
0.05733114
0.05775567
0.05817449
0.0585875
0.05899457
0.05939562
0.05979052
0.06015173
0.06041963
0.06068059
0.06093455
0.06118144
0.06142122
0.06165384
0.06187924
0.06209738
0.06230822
0.06251171
0.06270781
0.06289648
0.06307768
0.06325138
0.06341754
0.06357613
0.06372713
0.06387049
0.0640062
0.06413424
0.06425457
0.06436717
0.06447204
0.06456914
0.06465847
0.06474001
0.06481374
0.06487967
0.06493777
0.06498805
0.0650305
0.06506511
0.06509188
0.06511082
0.06512192
0.0651252
0.06512065
0.06510828
0.06508811
0.06506014
0.0650244
0.06498088
0.06498805
0.0650305
0.06506511
0.06509188
0.06511082
0.06512192
0.0651252
0.06512065
0.06510828
0.06508811
0.06506014
0.0650244
0.06498088
0.06492962
0.06487062
0.06480391
0.06472952
0.06464746
0.06455776
0.06446046
0.06435557
0.06424313
0.06412318
0.06399575
0.06386088
0.0637186
0.06356897
0.06341201
0.06324778
0.06307633
0.06289769
0.06271194
0.0625191
0.06231926
0.06211245
0.06189874
0.06167819
0.06145086
0.06121682
0.06097614
0.06072889
0.06047513
0.06021495
0.05994842
0.05967562
0.05929955
0.05891401
0.05852352
0.05812821
0.05772822
0.0573237
0.05691478
0.05650161
0.05608437
0.05566319
0.05523825
0.05480971
0.05437774
0.05394251
0.05350421
0.05306302
0.05261913
0.05217273
0.05172403
0.05127322
0.05082052
0.05036614
0.04991031
0.04945325
0.0489952
0.04853639
0.04807707
0.04761749
0.04715792
0.04669862
0.04623986
0.04578193
0.04532511
0.04486969
0.04441599
0.04396432
0.04351499
0.04306833
0.04262468
0.04218438
0.04174779
0.04131527
0.04088718
0.0404639
0.04004582
0.03963333
0.03922683
0.03882673
0.03843345
0.03804739
0.037669
0.0372987
0.03693693
0.03658412
0.03624072
0.03590717
0.03558392
0.03527139
0.03497004
0.03468029
0.03440257
0.03413731
0.0338849
0.03364575
0.03342025
0.03320875
0.03301161
0.03282916
0.0326617
0.03250951
0.03237285
0.03225195
0.032147
0.03205817
0.03182222
0.03158178
0.03135348
0.03113766
0.03093469
0.0307449
0.03056859
0.03040608
0.03025762
0.03012348
0.03000386
0.02990912
0.03001359
0.03013196
0.03026394
0.03040922
0.03056747
0.03073832
0.03092141
0.03111635
0.03132275
0.0315402
0.03176829
0.03200659
0.03215744
0.03226228
0.03238224
0.03251701
0.03266628
0.03282968
0.03300685
0.0331974
0.03340092
0.03361698
0.03384517
0.03408503
0.03433612
0.03459797
0.03487013
0.03515212
0.0354435
0.03574378
0.0360525
0.03636922
0.03669346
0.03702478
0.03736273
0.03770686
0.03805676
0.03841199
0.03877214
0.03913679
0.03950555
0.03987803
0.04025384
0.04063261
0.04101398
0.0413976
0.04178311
0.04217018
0.04255849
0.04294772
0.04333755
0.04372769
0.04411784
0.04450772
0.04489706
0.04528558
0.04567302
0.04605914
0.04644369
0.04682642
0.04720711
0.04758553
0.04796147
0.04833471
0.04870504
0.04907227
0.04943621
0.04979666
0.05015344
0.05050637
0.05085529
0.05120002
0.05154041
0.05187629
0.05215195
0.05238326
0.05260852
0.05282763
0.05304053
0.05324713
0.05344735
0.05364111
0.05382836
