###############################################
# Alcances iniciales
# Version 1
# 
###############################################
0.00790748
0.00800316
0.00829041
0.00874842
0.0093486
0.01006073
0.01085695
0.01171345
0.01261069
0.01353286
0.01446714
0.01540311
0.01633214
0.01724701
0.01814157
0.01901051
0.01984921
0.02065356
0.02141995
0.02214512
0.02282615
0.02346043
0.02404561
0.0245796
0.02506052
0.02548674
0.02585681
0.02616952
0.02642384
0.02661895
0.0267542
0.02682918
0.02679751
0.02669094
0.02652428
0.02629804
0.02601294
0.02566991
0.02527005
0.02481469
0.02430536
0.02374379
0.02313196
0.02247207
0.02176659
0.02101827
0.02023014
0.01940563
0.01854856
0.01766324
0.01675459
0.01582825
0.01489085
0.0139502
0.01301572
0.01209891
0.01121398
0.01037857
0.00961448
0.00894795
0.00840892
0.00802824
0.00783225
0.00783225
0.00783599
0.00803832
0.00842221
0.00896007
0.00962049
0.01037347
0.01119295
0.01205741
0.01294948
0.01385519
0.01476326
0.01566446
0.01655113
0.0174168
0.01825595
0.01906379
0.01983614
0.02056929
0.02125994
0.02190515
0.0225023
0.02304904
0.02354328
0.02398314
0.02436701
0.02469346
0.02496128
0.02516945
0.02531715
0.02540374
0.02539202
0.02529338
0.02513294
0.024911
0.024628
0.02428457
0.02388152
0.02341979
0.02290054
0.02232506
0.02169481
0.02101143
0.0202767
0.01949261
0.01866127
0.01778499
0.01686629
0.01590786
0.01491266
0.01388392
0.01282525
0.01174075
0.01063522
0.00951457
0.00838647
0.00726172
0.0061569
0.0051001
0.00414345
0.00338724
0.00299828
0.00299828
0.00312225
0.0037079
0.00457786
0.00559536
0.00668625
0.00781177
0.00895017
0.01008803
0.0112162
0.01232792
0.01341783
0.01448146
0.01551491
0.01651475
0.01747783
0.01840128
0.01928245
0.0201189
0.02090834
0.02164868
0.02233799
0.02297451
0.02355664
0.02408293
0.02455213
0.02496313
0.025315
0.02560698
0.02583848
0.02600911
0.02611862
0.02615431
0.02608097
0.02594745
0.02575448
0.02550298
0.02519406
0.02482907
0.02440956
0.02393732
0.01057396
0.00528708
0.02114625
0.02156582
0.02086604
0.02013019
0.01936235
0.01856713
0.01774977
0.01691626
0.0160735
0.01522955
0.01439381
0.0135774
0.0127934
0.01205718
0.01138651
0.01080136
0.01032301
0.00997235
0.00976715
0.00971907
0.00971907
0.00983119
0.01009734
0.01050349
0.01103055
0.01165739
0.01236316
0.01312872
0.01393724
0.01477424
0.01562741
0.01648631
0.01734207
0.01818705
0.01901471
0.01981931
0.02059584
0.02133988
0.02204749
0.02271515
0.02333975
0.02391846
0.0244488
0.02492853
0.02535567
0.0257285
0.0260455
0.02630541
0.02650713
0.02664982
0.02673281
0.02671803
0.02661993
0.02646145
0.02624289
0.02596477
0.02562777
0.02523277
0.02478084
0.02427323
0.02371141
0.02309701
0.0224319
0.02171814
0.02095803
0.0201541
0.01930915
0.0184263
0.01750901
0.01656117
0.01558722
0.01459226
0.0135823
0.01256461
0.01154813
0.01054429
0.00956803
0.00863939
0.0077855
0.00704271
0.00645709
0.0060797
0.00595319
0.00595319
0.00609337
0.00648066
0.00707021
0.00781043
0.00865565
0.00957016
0.01052739
0.01150777
0.01249669
0.01348301
0.01445795
0.01541444
0.0163466
0.01724947
0.01811873
0.0189506
0.01974174
0.02048914
0.02119011
0.02184223
0.02244332
0.02299142
0.02348479
0.0239219
0.02430139
0.02462212
0.02488312
0.02508362
0.02522303
0.02530094
0.02527154
0.02516433
0.02499582
0.02476651
0.0244771
0.02412846
0.02372167
0.02325798
0.02273884
0.0221659
0.02154104
0.02086633
0.0201441
0.01937692
0.01856768
0.01771956
0.01683618
0.01592162
0.01498056
0.01401848
0.01304191
0.01205883
0.01107921
0.01011595
0.00918603
0.00831226
0.00752533
0.00686525
0.00638008
0.00611795
0.0061114
0.0061114
0.00636233
0.00684111
0.00750092
0.00829373
0.00917903
0.01012559
0.01111009
0.01211515
0.01312762
0.01413727
0.01513596
0.01611701
0.01707478
0.01800448
0.0189019
0.01976333
0.02058544
0.02136525
0.02114625
0.00528708
0.01057396
0.02401138
0.02454417
0.02502203
0.02544357
0.02580764
0.02611324
0.02635957
0.02654604
0.02667222
0.02673788
0.02668771
0.02657239
0.02639756
0.02616398
0.0258726
0.02552458
0.02512128
0.0246643
0.02415546
0.02359683
0.02299073
0.02233979
0.02164691
0.02091536
0.02014878
0.01935128
0.01852749
0.01768267
0.01682283
0.01595494
0.01508709
0.01422881
0.01339136
0.01258809
0.01183474
0.01114961
0.01055335
0.01006805
0.00971528
0.00951322
0.00947326
0.00947326
0.00959747
0.00987811
0.01029933
0.01084044
0.01147911
0.01219374
0.01296485
0.01377548
0.01461122
0.01545991
0.01631129
0.01715668
0.01798864
0.01880078
0.01958755
0.02034409
0.0210661
0.02174977
0.0223917
0.02298889
0.0235386
0.02403845
0.02448627
0.02488019
0.02521853
0.02549987
0.02572298
0.02588685
0.02599068
0.0260159
0.02593663
0.02579599
0.0255941
0.02533128
0.02500799
0.02462491
0.02418285
0.02368282
0.02312595
0.02251358
0.02184717
0.02112835
0.0203589
0.01954075
0.01867599
0.01776685
0.0168157
0.01582509
0.01479775
0.01373659
0.01264475
0.01152569
0.01038326
0.00922199
0.00804741
0.00686701
0.00569204
0.00454233
0.00345943
0.00254652
0.00205744
0.00205744
0.00228684
0.00307557
0.00410782
0.00523409
0.00639638
0.00756893
0.008738
0.00989501
0.01103382
0.0121496
0.01323831
0.01429636
0.01532055
0.01630789
0.01725562
0.01816118
0.01902215
0.01983627
0.02060145
0.02131573
0.0219773
0.02258453
0.02313592
0.02363013
0.02406598
0.02444245
0.02475868
0.025014
0.02520787
0.02533997
0.0254101
0.0253647
0.02524972
0.02507388
0.02483794
0.02454281
0.02418963
0.02377972
0.02331464
0.02279612
0.02222618
0.02160703
0.02094118
0.02023145
0.01948095
0.01869321
0.0178722
0.01702242
0.01614905
0.0152581
0.01435664
0.01345312
0.01255777
0.01168316
0.01084485
0.01006212
0.00935853
0.00876187
0.00830265
0.00801037
0.00790748
0.00790748
0.00800316
0.00829041
0.00874842
0.0093486
0.01006073
0.01085695
0.01171345
0.01261069
0.01353286
0.01446714
0.01540311
0.01633214
0.01724701
0.01814157
0.01901051
0.01984921
0.02065356
0.02141995
0.02214512
0.02282615
0.02346043
0.02404561
0.0245796
0.02506052
0.02548674
0.02585681
0.02616952
0.02642384
0.02661895
0.0267542
0.02682918
0.02679751
0.02669094
0.02652428
0.02629804
0.02601294
0.02566991
0.02527005
0.02481469
0.02430536
0.02374379
0.02313196
0.02247207
0.02176659
0.02101827
0.02023014
0.01940563
0.01854856
0.01766324
0.01675459
0.01582825
0.01489085
0.0139502
0.01301572
0.01209891
0.01121398
0.01037857
0.00961448
0.00894795
0.00840892
0.00802824
0.00783225
0.00783225
0.00783599
0.00803832
0.00842221
0.00896007
0.00962049
0.01037347
0.01119295
0.01205741
0.01294948
0.01385519
0.01476326
0.01566446
0.01655113
0.0174168
0.01825595
0.01906379
0.01983614
0.02056929
0.02125994
0.02190515
0.0225023
0.02304904
0.02354328
0.02398314
0.02436701
0.02469346
0.02496128
0.02516945
0.02531715
0.02540374
0.02539202
0.02529338
0.02513294
0.024911
0.024628
0.02428457
0.02388152
0.02341979
0.02290054
0.02232506
0.02169481
0.02101143
0.0202767
0.01949261
0.01866127
0.01778499
0.01686629
0.01590786
0.01491266
0.01388392
0.01282525
0.01174075
0.01063522
0.00951457
0.00838647
0.00726172
0.0061569
0.0051001
0.00414345
0.00338724
0.00299828
0.00299828
0.00312225
0.0037079
0.00457786
0.00559536
0.00668625
0.00781177
0.00895017
0.01008803
0.0112162
0.01232792
0.01341783
0.01448146
0.01551491
0.01651475
0.01747783
0.01840128
0.01928245
0.0201189
0.02090834
0.02164868
0.02233799
0.02297451
0.02355664
0.02408293
0.02455213
0.02496313
0.025315
0.02560698
0.02583848
0.02600911
0.02611862
0.02615431
0.02608097
0.02594745
0.02575448
0.02550298
0.02519406
0.02482907
0.02440956
0.02393732
0.01057396
0.00528708
0.02114625
0.02156582
0.02086604
0.02013019
0.01936235
0.01856713
0.01774977
0.01691626
0.0160735
0.01522955
0.01439381
0.0135774
0.0127934
0.01205718
0.01138651
0.01080136
0.01032301
0.00997235
0.00976715
0.00971907
0.00971907
0.00983119
0.01009734
0.01050349
0.01103055
0.01165739
0.01236316
0.01312872
0.01393724
0.01477424
0.01562741
0.01648631
0.01734207
0.01818705
0.01901471
0.01981931
0.02059584
0.02133988
0.02204749
0.02271515
0.02333975
0.02391846
0.0244488
0.02492853
0.02535567
0.0257285
0.0260455
0.02630541
0.02650713
0.02664982
0.02673281
0.02671803
0.02661993
0.02646145
0.02624289
0.02596477
0.02562777
0.02523277
0.02478084
0.02427323
0.02371141
0.02309701
0.0224319
0.02171814
0.02095803
0.0201541
0.01930915
0.0184263
0.01750901
0.01656117
0.01558722
0.01459226
0.0135823
0.01256461
0.01154813
0.01054429
0.00956803
0.00863939
0.0077855
0.00704271
0.00645709
0.0060797
0.00595319
0.00595319
0.00609337
0.00648066
0.00707021
0.00781043
0.00865565
0.00957016
0.01052739
0.01150777
0.01249669
0.01348301
0.01445795
0.01541444
0.0163466
0.01724947
0.01811873
0.0189506
0.01974174
0.02048914
0.02119011
0.02184223
0.02244332
0.02299142
0.02348479
0.0239219
0.02430139
0.02462212
0.02488312
0.02508362
0.02522303
0.02530094
0.02527154
0.02516433
0.02499582
0.02476651
0.0244771
0.02412846
0.02372167
0.02325798
0.02273884
0.0221659
0.02154104
0.02086633
0.0201441
0.01937692
0.01856768
0.01771956
0.01683618
0.01592162
0.01498056
0.01401848
0.01304191
0.01205883
0.01107921
0.01011595
0.00918603
0.00831226
0.00752533
0.00686525
0.00638008
0.00611795
0.0061114
0.0061114
0.00636233
0.00684111
0.00750092
0.00829373
0.00917903
0.01012559
0.01111009
0.01211515
0.01312762
0.01413727
0.01513596
0.01611701
0.01707478
0.01800448
0.0189019
0.01976333
0.02058544
0.02136525
0.02114625
0.00528708
0.01057396
0.02401138
0.02454417
0.02502203
0.02544357
0.02580764
0.02611324
0.02635957
0.02654604
0.02667222
0.02673788
0.02668771
0.02657239
0.02639756
0.02616398
0.0258726
0.02552458
0.02512128
0.0246643
0.02415546
0.02359683
0.02299073
0.02233979
0.02164691
0.02091536
0.02014878
0.01935128
0.01852749
0.01768267
0.01682283
0.01595494
0.01508709
0.01422881
0.01339136
0.01258809
0.01183474
0.01114961
0.01055335
0.01006805
0.00971528
0.00951322
0.00947326
0.00947326
0.00959747
0.00987811
0.01029933
0.01084044
0.01147911
0.01219374
0.01296485
0.01377548
0.01461122
0.01545991
0.01631129
0.01715668
0.01798864
0.01880078
0.01958755
0.02034409
0.0210661
0.02174977
0.0223917
0.02298889
0.0235386
0.02403845
0.02448627
0.02488019
0.02521853
0.02549987
0.02572298
0.02588685
0.02599068
0.0260159
0.02593663
0.02579599
0.0255941
0.02533128
0.02500799
0.02462491
0.02418285
0.02368282
0.02312595
0.02251358
0.02184717
0.02112835
0.0203589
0.01954075
0.01867599
0.01776685
0.0168157
0.01582509
0.01479775
0.01373659
0.01264475
0.01152569
0.01038326
0.00922199
0.00804741
0.00686701
0.00569204
0.00454233
0.00345943
0.00254652
0.00205744
0.00205744
0.00228684
0.00307557
0.00410782
0.00523409
0.00639638
0.00756893
0.008738
0.00989501
0.01103382
0.0121496
0.01323831
0.01429636
0.01532055
0.01630789
0.01725562
0.01816118
0.01902215
0.01983627
0.02060145
0.02131573
0.0219773
0.02258453
0.02313592
0.02363013
0.02406598
0.02444245
0.02475868
0.025014
0.02520787
0.02533997
0.0254101
0.0253647
0.02524972
0.02507388
0.02483794
0.02454281
0.02418963
0.02377972
0.02331464
0.02279612
0.02222618
0.02160703
0.02094118
0.02023145
0.01948095
0.01869321
0.0178722
0.01702242
0.01614905
0.0152581
0.01435664
0.01345312
0.01255777
0.01168316
0.01084485
0.01006212
0.00935853
0.00876187
0.00830265
0.00801037
0.00790748
