###############################################
# Alcances iniciales
# Version 1
# 
###############################################
0.00511111
0.00511111
0.00608609
0.00768779
0.00958538
0.01160771
0.0136695
0.01572342
0.01773954
0.01969661
0.02157814
0.02337052
0.02506205
0.02664249
0.0281027
0.02943454
0.03063079
0.03168505
0.03259177
0.03334621
0.03394445
0.03438336
0.03466066
0.03472532
0.03451218
0.03413642
0.03359981
0.03290493
0.03205516
0.03105464
0.02990831
0.02862184
0.02720167
0.02565496
0.02398967
0.02221452
0.02033911
0.01837407
0.01633135
0.01422492
0.01207215
0.00989722
0.00774024
0.00568583
0.0039662
0.00322982
0.00322982
0.00406575
0.00582308
0.00788873
0.01004788
0.01222094
0.01436949
0.01647002
0.01850548
0.02046209
0.02232801
0.0231347
0.02182173
0.02057664
0.01940834
0.01832727
0.0173455
0.01647666
0.01573567
0.01513793
0.01469814
0.01442868
0.01433788
0.01442868
0.01469814
0.01513793
0.01573567
0.01647666
0.0173455
0.01832727
0.01940834
0.02057664
0.02182173
0.0231347
0.02305803
0.02124078
0.01933176
0.01734342
0.01529051
0.01319154
0.0110721
0.0089728
0.00697024
0.00523703
0.00417704
0.00417704
0.00434104
0.00562116
0.00744779
0.0094875
0.01160063
0.0137227
0.01581797
0.01786305
0.01984054
0.02173635
0.02353843
0.02523619
0.02682013
0.02828171
0.02961324
0.03080784
0.03185944
0.03276275
0.03351327
0.03410728
0.03454191
0.03481505
0.03487266
0.03465708
0.03427993
0.03374327
0.03304998
0.0322038
0.03120931
0.03007193
0.02879798
0.02739465
0.02587014
0.02423371
0.02249589
0.02066878
0.01876662
0.01680673
0.01481139
0.01281137
0.01085308
0.00901353
0.00742962
0.00633722
0.00603503
0.00603503
0.00663788
0.00793358
0.00962857
0.01152404
0.01350801
0.01551635
0.01750915
0.01945913
0.02134595
0.02315349
0.0248683
0.02647886
0.02797507
0.02934805
0.03058993
0.03169381
0.03265367
0.03346439
0.03412167
0.03462208
0.03496305
0.03514281
0.03501606
0.03471031
0.03424493
0.03362242
0.03284618
0.03192044
0.03085033
0.02964188
0.02830202
0.02683872
0.02526102
0.02357925
0.02180527
0.01995303
0.01803934
0.01608541
0.01411962
0.01218278
0.01033837
0.00869142
0.0074158
0.00675521
0.00675521
0.0069018
0.00780771
0.0092387
0.0109703
0.01285584
0.01480775
0.01677216
0.01871348
0.0206063
0.02243117
0.02417243
0.02581696
0.02735346
0.02877209
0.03006419
0.0312222
0.03223948
0.03311033
0.03382994
0.03439438
0.03480054
0.03504622
0.03505143
0.03481077
0.0344092
0.03384872
0.0331322
0.0322633
0.03124656
0.03008733
0.02879182
0.02736713
0.02582129
0.02416333
0.02240347
0.02055337
0.01862662
0.0166396
0.01461321
0.01257613
0.01057181
0.00867378
0.00701861
0.00585905
0.00554192
0.00554192
0.00620272
0.0075798
0.00934239
0.01128608
0.01330281
0.01533272
0.01733895
0.01929624
0.02118565
0.02299198
0.02470243
0.02630593
0.02779275
0.02915426
0.03038278
0.03147158
0.03241474
0.03320723
0.03384482
0.03432413
0.03464256
0.03479068
0.03461934
0.03428506
0.03378938
0.03313461
0.03232388
0.03136106
0.03025083
0.02899857
0.02538734
0.02111168
0.0185887
0.01854912
0.02084727
0.01889736
0.01686423
0.01476018
0.01259972
0.01040153
0.00819366
0.00602999
0.00405524
0.00278587
0.00278587
0.00323528
0.00495014
0.00704248
0.0092336
0.011437
0.01361462
0.01574391
0.01780855
0.01979525
0.02169242
0.02348969
0.02517758
0.02674739
0.02819119
0.02950174
0.03067254
0.0316978
0.03257247
0.03329226
0.03385364
0.03425383
0.03449087
0.03447153
0.03421517
0.03379568
0.03321503
0.03247598
0.03158205
0.03053749
0.0293473
0.02758019
0.02570998
0.02381982
0.02191041
0.01998264
0.01803759
0.01607648
0.01410068
0.01211172
0.01011123
0.00810097
0.00608277
0.00405855
0.00184952
0.00122196
0.00122196
0.00330967
0.00562365
0.00794458
0.01011123
0.01211172
0.01410068
0.01607648
0.01803759
0.01998264
0.02191041
0.02381982
0.02570998
0.02756955
0.02895048
0.03019386
0.03129376
0.03224495
0.03304293
0.03368392
0.03416492
0.0344837
0.03462961
0.03445623
0.03411964
0.0336216
0.03296467
0.03215221
0.03118838
0.03007813
0.02882719
0.02538734
0.02111168
0.0185887
0.01854912
0.02072002
0.01879264
0.01679062
0.01472998
0.01263148
0.01052498
0.00846021
0.00653541
0.00497441
0.00424582
0.00424582
0.00476405
0.00621875
0.00810323
0.01015673
0.01226613
0.0143759
0.01645363
0.01847735
0.02043035
0.02229893
0.02407133
0.02573714
0.02728707
0.02871276
0.03000668
0.03116217
0.03217333
0.03303506
0.03374308
0.03429389
0.03468482
0.03491399
0.03488377
0.0346248
0.03420492
0.03362644
0.03289251
0.03200711
0.03097509
0.02980217
0.02849496
0.02706101
0.02550889
0.02384834
0.02209048
0.02024819
0.01833681
0.01637535
0.01438873
0.01241216
0.01049993
0.00874289
0.00729946
0.00642094
0.00636502
0.00636502
0.00715238
0.00854168
0.01027203
0.0121739
0.01414986
0.01614222
0.01811396
0.02003916
0.02189818
0.02367532
0.02535739
0.02693308
0.02839247
0.02972684
0.03092851
0.03199074
0.03290771
0.03367445
0.03428688
0.03474175
0.03503669
0.03514144
0.03495073
0.03459905
0.03408825
0.03342107
0.03260108
0.03163272
0.0305213
0.02927304
0.02789506
0.0263955
0.0247836
0.0230699
0.02126652
0.01938774
0.01745091
0.01547813
0.0134995
0.01155927
0.00972821
0.00812656
0.00695468
0.00647699
0.00647699
0.00684917
0.00794658
0.00950518
0.01131322
0.01324187
0.0152156
0.01718763
0.01912652
0.02100936
0.02281833
0.02453883
0.02615851
0.02766666
0.02905388
0.03031193
0.03143356
0.03241243
0.03324314
0.03392113
0.03444271
0.03480504
0.03500613
0.03492083
0.03463468
0.03418774
0.03358221
0.03282114
0.03190837
0.03084859
0.02964729
0.02831081
0.02684632
0.02526192
0.02356667
0.02177074
0.01988572
0.01792507
0.01590502
0.01384637
0.01177818
0.00974591
0.00783073
0.00619451
0.00515435
0.00511111
0.00511111
0.00608609
0.00768779
0.00958538
0.01160771
0.0136695
0.01572342
0.01773954
0.01969661
0.02157814
0.02337052
0.02506205
0.02664249
0.0281027
0.02943454
0.03063079
0.03168505
0.03259177
0.03334621
0.03394445
0.03438336
0.03466066
0.03472532
0.03451218
0.03413642
0.03359981
0.03290493
0.03205516
0.03105464
0.02990831
0.02862184
0.02720167
0.02565496
0.02398967
0.02221452
0.02033911
0.01837407
0.01633135
0.01422492
0.01207215
0.00989722
0.00774024
0.00568583
0.0039662
0.00322982
0.00322982
0.00406575
0.00582308
0.00788873
0.01004788
0.01222094
0.01436949
0.01647002
0.01850548
0.02046209
0.02232801
0.0231347
0.02182173
0.02057664
0.01940834
0.01832727
0.0173455
0.01647666
0.01573567
0.01513793
0.01469814
0.01442868
0.01433788
0.01442868
0.01469814
0.01513793
0.01573567
0.01647666
0.0173455
0.01832727
0.01940834
0.02057664
0.02182173
0.0231347
0.02305803
0.02124078
0.01933176
0.01734342
0.01529051
0.01319154
0.0110721
0.0089728
0.00697024
0.00523703
0.00417704
0.00417704
0.00434104
0.00562116
0.00744779
0.0094875
0.01160063
0.0137227
0.01581797
0.01786305
0.01984054
0.02173635
0.02353843
0.02523619
0.02682013
0.02828171
0.02961324
0.03080784
0.03185944
0.03276275
0.03351327
0.03410728
0.03454191
0.03481505
0.03487266
0.03465708
0.03427993
0.03374327
0.03304998
0.0322038
0.03120931
0.03007193
0.02879798
0.02739465
0.02587014
0.02423371
0.02249589
0.02066878
0.01876662
0.01680673
0.01481139
0.01281137
0.01085308
0.00901353
0.00742962
0.00633722
0.00603503
0.00603503
0.00663788
0.00793358
0.00962857
0.01152404
0.01350801
0.01551635
0.01750915
0.01945913
0.02134595
0.02315349
0.0248683
0.02647886
0.02797507
0.02934805
0.03058993
0.03169381
0.03265367
0.03346439
0.03412167
0.03462208
0.03496305
0.03514281
0.03501606
0.03471031
0.03424493
0.03362242
0.03284618
0.03192044
0.03085033
0.02964188
0.02830202
0.02683872
0.02526102
0.02357925
0.02180527
0.01995303
0.01803934
0.01608541
0.01411962
0.01218278
0.01033837
0.00869142
0.0074158
0.00675521
0.00675521
0.0069018
0.00780771
0.0092387
0.0109703
0.01285584
0.01480775
0.01677216
0.01871348
0.0206063
0.02243117
0.02417243
0.02581696
0.02735346
0.02877209
0.03006419
0.0312222
0.03223948
0.03311033
0.03382994
0.03439438
0.03480054
0.03504622
0.03505143
0.03481077
0.0344092
0.03384872
0.0331322
0.0322633
0.03124656
0.03008733
0.02879182
0.02736713
0.02582129
0.02416333
0.02240347
0.02055337
0.01862662
0.0166396
0.01461321
0.01257613
0.01057181
0.00867378
0.00701861
0.00585905
0.00554192
0.00554192
0.00620272
0.0075798
0.00934239
0.01128608
0.01330281
0.01533272
0.01733895
0.01929624
0.02118565
0.02299198
0.02470243
0.02630593
0.02779275
0.02915426
0.03038278
0.03147158
0.03241474
0.03320723
0.03384482
0.03432413
0.03464256
0.03479068
0.03461934
0.03428506
0.03378938
0.03313461
0.03232388
0.03136106
0.03025083
0.02899857
0.02538734
0.02111168
0.0185887
0.01854912
0.02084727
0.01889736
0.01686423
0.01476018
0.01259972
0.01040153
0.00819366
0.00602999
0.00405524
0.00278587
0.00278587
0.00323528
0.00495014
0.00704248
0.0092336
0.011437
0.01361462
0.01574391
0.01780855
0.01979525
0.02169242
0.02348969
0.02517758
0.02674739
0.02819119
0.02950174
0.03067254
0.0316978
0.03257247
0.03329226
0.03385364
0.03425383
0.03449087
0.03447153
0.03421517
0.03379568
0.03321503
0.03247598
0.03158205
0.03053749
0.0293473
0.02758019
0.02570998
0.02381982
0.02191041
0.01998264
0.01803759
0.01607648
0.01410068
0.01211172
0.01011123
0.00810097
0.00608277
0.00405855
0.00184952
0.00122196
0.00122196
0.00330967
0.00562365
0.00794458
0.01011123
0.01211172
0.01410068
0.01607648
0.01803759
0.01998264
0.02191041
0.02381982
0.02570998
0.02756955
0.02895048
0.03019386
0.03129376
0.03224495
0.03304293
0.03368392
0.03416492
0.0344837
0.03462961
0.03445623
0.03411964
0.0336216
0.03296467
0.03215221
0.03118838
0.03007813
0.02882719
0.02538734
0.02111168
0.0185887
0.01854912
0.02072002
0.01879264
0.01679062
0.01472998
0.01263148
0.01052498
0.00846021
0.00653541
0.00497441
0.00424582
0.00424582
0.00476405
0.00621875
0.00810323
0.01015673
0.01226613
0.0143759
0.01645363
0.01847735
0.02043035
0.02229893
0.02407133
0.02573714
0.02728707
0.02871276
0.03000668
0.03116217
0.03217333
0.03303506
0.03374308
0.03429389
0.03468482
0.03491399
0.03488377
0.0346248
0.03420492
0.03362644
0.03289251
0.03200711
0.03097509
0.02980217
0.02849496
0.02706101
0.02550889
0.02384834
0.02209048
0.02024819
0.01833681
0.01637535
0.01438873
0.01241216
0.01049993
0.00874289
0.00729946
0.00642094
0.00636502
0.00636502
0.00715238
0.00854168
0.01027203
0.0121739
0.01414986
0.01614222
0.01811396
0.02003916
0.02189818
0.02367532
0.02535739
0.02693308
0.02839247
0.02972684
0.03092851
0.03199074
0.03290771
0.03367445
0.03428688
0.03474175
0.03503669
0.03514144
0.03495073
0.03459905
0.03408825
0.03342107
0.03260108
0.03163272
0.0305213
0.02927304
0.02789506
0.0263955
0.0247836
0.0230699
0.02126652
0.01938774
0.01745091
0.01547813
0.0134995
0.01155927
0.00972821
0.00812656
0.00695468
0.00647699
0.00647699
0.00684917
0.00794658
0.00950518
0.01131322
0.01324187
0.0152156
0.01718763
0.01912652
0.02100936
0.02281833
0.02453883
0.02615851
0.02766666
0.02905388
0.03031193
0.03143356
0.03241243
0.03324314
0.03392113
0.03444271
0.03480504
0.03500613
0.03492083
0.03463468
0.03418774
0.03358221
0.03282114
0.03190837
0.03084859
0.02964729
0.02831081
0.02684632
0.02526192
0.02356667
0.02177074
0.01988572
0.01792507
0.01590502
0.01384637
0.01177818
0.00974591
0.00783073
0.00619451
0.00515435
