###############################################
# Alcances iniciales
# Version 1
# 
###############################################
0.043628
0.04258442
0.04153715
0.04048618
0.03943153
0.0383732
0.03731119
0.03624554
0.03517624
0.03410332
0.03302681
0.03194673
0.03086312
0.02977602
0.02868548
0.02759155
0.02649428
0.02539375
0.02429002
0.02318318
0.0220733
0.02096048
0.01984483
0.01872644
0.01760543
0.01648192
0.01535604
0.01422792
0.0130977
0.01196552
0.01083153
0.0096959
0.00855877
0.00945672
0.0185582
0.02947564
0.04071323
0.05199004
0.06320407
0.07429837
0.07429229
0.06453398
0.05334947
0.04209027
0.03084941
0.01986716
0.01030977
0.00855877
0.0096959
0.01083153
0.01196552
0.0130977
0.01422792
0.01535604
0.01648192
0.01760543
0.01872644
0.01984483
0.02096048
0.0220733
0.02318318
0.02429002
0.02539375
0.02649428
0.02759155
0.02868548
0.02977602
0.03086312
0.03194673
0.03302681
0.03410332
0.03517624
0.03624554
0.03731119
0.0383732
0.03943153
0.04048618
0.04153715
0.04258442
0.043628
0.04675147
0.04570406
0.04673655
0.04776534
0.04879042
0.04981181
0.05082949
0.05184347
0.05269557
0.05346089
0.05423621
0.05502271
0.05582141
0.05648697
0.05698657
0.05740525
0.05768177
0.05782305
0.05816663
0.05872897
0.059561
0.06056739
0.06177153
0.06315898
0.06443787
0.06577033
0.06718448
0.06849559
0.06969649
0.07092325
0.07217107
0.07343512
0.07450074
0.07551584
0.07652971
0.07754095
0.07854822
0.07955018
0.08054557
0.08153317
0.08251184
0.08348051
0.08443819
0.085384
0.08631713
0.08723688
0.08814264
0.0890266
0.08985978
0.09068785
0.09151082
0.09232869
0.09314148
0.09394923
0.09475195
0.09554967
0.09634243
0.09711772
0.09784733
0.09759164
0.09215138
0.08785116
0.08487134
0.08289871
0.08210284
0.08287085
0.0850131
0.08775285
0.09180298
0.09645603
0.10165983
0.10357459
0.09518423
0.08727454
0.08007177
0.07385753
0.06896109
0.0657224
0.06441686
0.0651647
0.06788201
0.07231371
0.07812099
0.08496361
0.09254518
0.09238274
0.09518423
0.08727454
0.08007177
0.07385753
0.06896109
0.0657224
0.06441686
0.0651647
0.06788201
0.07231371
0.07812099
0.08496361
0.09254518
0.10062569
0.10901683
0.11757183
0.12617547
0.12848724
0.12916427
0.12983293
0.13049254
0.13114249
0.13178222
0.13241124
0.13302913
0.13361662
0.13418907
0.13475754
0.13532199
0.1351763
0.13248775
0.12991537
0.12747175
0.12517014
0.12302442
0.12103998
0.11907322
0.11731816
0.11578982
0.11450259
0.11346985
0.1127036
0.11221414
0.11200973
0.10564275
0.09909255
0.09242245
0.08557552
0.07866787
0.07123916
0.0631084
0.05602223
0.05051593
0.0472185
0.04664598
0.04890948
0.05364004
0.06022716
0.06808651
0.07676927
0.08595898
0.08435947
0.08002304
0.07123916
0.0631084
0.05602223
0.05051593
0.0472185
0.04664598
0.04890948
0.05364004
0.06022716
0.06808651
0.07614125
0.08325201
0.09022165
0.09701632
0.10377969
0.1105099
0.11720511
0.12381699
0.13030118
0.13675328
0.14317183
0.14955543
0.15590269
0.15921338
0.15949418
0.15976261
0.1600184
0.16026131
0.16049121
0.16070802
0.1609117
0.16110231
0.16127995
0.1614448
0.16159708
0.16173709
0.16186518
0.16198173
0.16199002
0.16194014
0.16187381
0.16179296
0.15592784
0.14824303
0.14057721
0.13301905
0.12567235
0.11865843
0.11211797
0.10621111
0.10111405
0.09700998
0.09407281
0.09244441
0.09221041
0.093383
0.09589828
0.09962945
0.10440975
0.1100565
0.11355753
0.11136543
0.11211797
0.10621111
0.10111405
0.09700998
0.09407281
0.09244441
0.09221041
0.093383
0.09589828
0.09962945
0.10440975
0.1100565
0.11638966
0.11033232
0.10367835
0.09788106
0.0923868
0.08802589
0.08497919
0.08287085
0.08210284
0.08289871
0.08521284
0.08872791
0.09308951
0.09853399
0.10488444
0.11197751
0.11963659
0.1273502
0.13547903
0.13351506
0.13071766
0.12805692
0.12554713
0.12320309
0.12103998
0.11907322
0.11731816
0.11578982
0.11395044
0.10870197
0.10342786
0.09812928
0.09280746
0.08735838
0.08184792
0.07631293
0.07075489
0.06517536
0.0595759
0.05371449
0.04772993
0.04188048
0.0385842
0.03865418
0.04206282
0.04806816
0.05578262
0.06452835
0.07386367
0.08238381
0.08228677
0.07379465
0.06436059
0.05555657
0.04783368
0.04188048
0.0385842
0.03865418
0.04206282
0.04793571
0.05383847
0.05960281
0.0651389
0.07063821
0.07609816
0.08151634
0.08689049
0.09221852
0.09749849
0.10272866
0.10790746
0.11303351
0.11810561
0.12312275
0.12808413
0.13298909
0.13783721
0.13754422
0.13702201
0.13648789
0.1359417
0.13538335
0.13481282
0.13423017
0.13363554
0.13302913
0.13241124
0.13178222
0.13114249
0.13049254
0.12983293
0.12916427
0.12848724
0.12780253
0.12711091
0.12013203
0.11163601
0.10328396
0.0952152
0.08760729
0.08068532
0.07472719
0.07005489
0.06699825
0.06582421
0.06665326
0.06941436
0.07387372
0.079714
0.08661104
0.09427817
0.09230352
0.0952152
0.08760729
0.08068532
0.07472719
0.07005489
0.06699825
0.06582421
0.06665326
0.06941436
0.07387372
0.079714
0.08661104
0.09427817
0.1024802
0.10524902
0.1046061
0.10396017
0.10331023
0.10265527
0.10199428
0.10132625
0.1006502
0.09996519
0.09927027
0.09856459
0.09784733
0.09711772
0.09637509
0.09561881
0.09484836
0.09406331
0.0932633
0.0924481
0.09161754
0.0907716
0.08991033
0.08903392
0.08814264
0.08723688
0.08631713
0.085384
0.08443819
0.08348051
0.08251184
0.08153317
0.08054557
0.07955018
0.07854822
0.07727681
0.07599269
0.07471058
0.07343512
0.0718123
0.0701858
0.06824584
0.06608779
0.06384941
0.06192399
0.06039003
0.05928503
0.05863575
0.05816663
0.05793946
0.05782305
0.05768177
0.05769402
0.05740525
0.05723736
0.05698657
0.05648697
0.05603984
0.05564183
0.05502271
0.05423621
0.05346089
0.05269557
0.05193894
0.05118954
0.05044581
0.0497061
0.04879042
0.04776534
0.04673655
0.04570406
0.04466788
0.043628
0.04258442
0.04153715
0.04048618
0.03943153
0.0383732
0.03731119
0.03624554
0.03517624
0.03410332
0.03302681
0.03194673
0.03086312
0.02977602
0.02868548
0.02759155
0.02649428
0.02539375
0.02429002
0.02318318
0.0220733
0.02096048
0.01984483
0.01872644
0.01760543
0.01648192
0.01535604
0.01422792
0.0130977
0.01196552
0.01083153
0.0096959
0.00855877
0.00945672
0.0185582
0.02947564
0.04071323
0.05199004
0.06320407
0.07429837
0.07429229
0.06453398
0.05334947
0.04209027
0.03084941
0.01986716
0.01030977
0.00855877
0.0096959
0.01083153
0.01196552
0.0130977
0.01422792
0.01535604
0.01648192
0.01760543
0.01872644
0.01984483
0.02096048
0.0220733
0.02318318
0.02429002
0.02539375
0.02649428
0.02759155
0.02868548
0.02977602
0.03086312
0.03194673
0.03302681
0.03410332
0.03517624
0.03624554
0.03731119
0.0383732
0.03943153
0.04048618
0.04153715
0.04258442
0.043628
0.04466788
0.04570406
0.04673655
0.04776534
0.04879042
0.04981181
0.05082949
0.05184347
0.05269557
0.05346089
0.05423621
0.05502271
0.05582141
0.05648697
0.05698657
0.05740525
0.05768177
0.05782305
0.05816663
0.05872897
0.059561
0.06056739
0.06177153
0.06315898
0.06443787
0.06577033
0.06718448
0.06849559
0.06969649
0.07092325
0.07217107
0.07343512
0.07450074
0.07551584
0.07652971
0.07754095
0.07854822
0.07955018
0.08054557
0.08153317
0.08251184
0.08348051
0.08443819
0.085384
0.08631713
0.08723688
0.08814264
0.0890266
0.08985978
0.09068785
0.09151082
0.09232869
0.09314148
0.09394923
0.09475195
0.09554967
0.09634243
0.09711772
0.09784733
0.09759164
0.09215138
0.08785116
0.08487134
0.08289871
0.08210284
0.08287085
0.0850131
0.08775285
0.09180298
0.09645603
0.10165983
0.10357459
0.09518423
0.08727454
0.08007177
0.07385753
0.06896109
0.0657224
0.06441686
0.0651647
0.06788201
0.07231371
0.07812099
0.08496361
0.09254518
0.09238274
0.09518423
0.08727454
0.08007177
0.07385753
0.06896109
0.0657224
0.06441686
0.0651647
0.06788201
0.07231371
0.07812099
0.08496361
0.09254518
0.10062569
0.10901683
0.11757183
0.12617547
0.12848724
0.12916427
0.12983293
0.13049254
0.13114249
0.13178222
0.13241124
0.13302913
0.13361662
0.13418907
0.13475754
0.13532199
0.1351763
0.13248775
0.12991537
0.12747175
0.12517014
0.12302442
0.12103998
0.11907322
0.11731816
0.11578982
0.11450259
0.11346985
0.1127036
0.11221414
0.11200973
0.10564275
0.09909255
0.09242245
0.08557552
0.07866787
0.07123916
0.0631084
0.05602223
0.05051593
0.0472185
0.04664598
0.04890948
0.05364004
0.06022716
0.06808651
0.07676927
0.08595898
0.08435947
0.08002304
0.07123916
0.0631084
0.05602223
0.05051593
0.0472185
0.04664598
0.04890948
0.05364004
0.06022716
0.06808651
0.07614125
0.08325201
0.09022165
0.09701632
0.10377969
0.1105099
0.11720511
0.12381699
0.13030118
0.13675328
0.14317183
0.14955543
0.15590269
0.15921338
0.15949418
0.15976261
0.1600184
0.16026131
0.16049121
0.16070802
0.1609117
0.16110231
0.16127995
0.1614448
0.16159708
0.16173709
0.16186518
0.16198173
0.16199002
0.16194014
0.16187381
0.16179296
0.15592784
0.14824303
0.14057721
0.13301905
0.12567235
0.11865843
0.11211797
0.10621111
0.10111405
0.09700998
0.09407281
0.09244441
0.09221041
0.093383
0.09589828
0.09962945
0.10440975
0.1100565
0.11355753
0.11136543
0.11211797
0.10621111
0.10111405
0.09700998
0.09407281
0.09244441
0.09221041
0.093383
0.09589828
0.09962945
0.10440975
0.1100565
0.11638966
0.11033232
0.10367835
0.09788106
0.0923868
0.08802589
0.08497919
0.08287085
0.08210284
0.08289871
0.08521284
0.08872791
0.09308951
0.09853399
0.10488444
0.11197751
0.11963659
0.1273502
0.13547903
0.13351506
0.13071766
0.12805692
0.12554713
0.12320309
0.12103998
0.11907322
0.11731816
0.11578982
0.11395044
0.10870197
0.10342786
0.09812928
0.09280746
0.08735838
0.08184792
0.07631293
0.07075489
0.06517536
0.0595759
0.05371449
0.04772993
0.04188048
0.0385842
0.03865418
0.04206282
0.04806816
0.05578262
0.06452835
0.07386367
0.08238381
0.08228677
0.07379465
0.06436059
0.05555657
0.04783368
0.04188048
0.0385842
0.03865418
0.04206282
0.04793571
0.05383847
0.05960281
0.0651389
0.07063821
0.07609816
0.08151634
0.08689049
0.09221852
0.09749849
0.10272866
0.10790746
0.11303351
0.11810561
0.12312275
0.12808413
0.13298909
0.13783721
0.13754422
0.13702201
0.13648789
0.1359417
0.13538335
0.13481282
0.13423017
0.13363554
0.13302913
0.13241124
0.13178222
0.13114249
0.13049254
0.12983293
0.12916427
0.12848724
0.12780253
0.12711091
0.12013203
0.11163601
0.10328396
0.0952152
0.08760729
0.08068532
0.07472719
0.07005489
0.06699825
0.06582421
0.06665326
0.06941436
0.07387372
0.079714
0.08661104
0.09427817
0.09230352
0.0952152
0.08760729
0.08068532
0.07472719
0.07005489
0.06699825
0.06582421
0.06665326
0.06941436
0.07387372
0.079714
0.08661104
0.09427817
0.1024802
0.10524902
0.1046061
0.10396017
0.10331023
0.10265527
0.10199428
0.10132625
0.1006502
0.09996519
0.09927027
0.09856459
0.09784733
0.09711772
0.09637509
0.09561881
0.09484836
0.09406331
0.0932633
0.0924481
0.09161754
0.0907716
0.08991033
0.08903392
0.08814264
0.08723688
0.08631713
0.085384
0.08443819
0.08348051
0.08251184
0.08153317
0.08054557
0.07955018
0.07854822
0.07727681
0.07599269
0.07471058
0.07343512
0.0718123
0.0701858
0.06824584
0.06608779
0.06384941
0.06192399
0.06039003
0.05928503
0.05863575
0.05816663
0.05793946
0.05782305
0.05768177
0.05769402
0.05740525
0.05723736
0.05698657
0.05648697
0.05603984
0.05564183
0.05502271
0.05423621
0.05346089
0.05269557
0.05193894
0.05118954
0.05044581
0.0497061
0.04879042
0.04776534
0.04673655
0.04570406
0.04466788
