###############################################
# Alcances iniciales
# Version 1
# 
###############################################
4.18726801e-05
0.
5.55111512e-17
0.
9.61481343e-17
0.
9.61481343e-17
0.
0.
0.
5.55111512e-17
1.11022302e-16
5.55111512e-17
9.61481343e-17
0.
5.55111512e-17
0.
1.11022302e-16
2.35513869e-16
9.61481343e-17
2.35513869e-16
0.
1.35973996e-16
0.
1.35973996e-16
0.
1.35973996e-16
3.42193718e-16
1.35973996e-16
3.68219321e-16
0.
1.8410966e-16
0.
1.8410966e-16
0.
2.35513869e-16
3.96428914e-16
1.8410966e-16
4.19100001e-16
0.
2.35513869e-16
0.
2.35513869e-16
0.
2.35513869e-16
5.52328981e-16
0.
2.88444403e-16
0.
2.71947991e-16
0.
3.18887286e-16
5.76888806e-16
3.18887286e-16
5.76888806e-16
0.
3.18887286e-16
0.
3.42193718e-16
0.
2.88444403e-16
6.54466821e-16
3.68219321e-16
7.06541606e-16
0.
3.42193718e-16
0.
3.68219321e-16
0.
3.96428914e-16
7.36438641e-16
0.
3.68219321e-16
0.
4.19100001e-16
0.
4.19100001e-16
8.38200002e-16
4.19100001e-16
7.87006398e-16
0.
4.19100001e-16
0.
4.19100001e-16
0.
4.19100001e-16
8.63996786e-16
4.19100001e-16
8.63996786e-16
0.
4.19100001e-16
0.
4.19100001e-16
0.
4.44955726e-16
8.63996786e-16
0.
8.89911452e-16
0.
4.44955726e-16
0.
4.44955726e-16
9.20548302e-16
4.44955726e-16
9.4572822e-16
0.
4.90457593e-16
0.
4.90457593e-16
0.
4.90457593e-16
9.58371531e-16
4.90457593e-16
9.58371531e-16
0.
4.71027738e-16
0.
4.64491445e-16
0.
4.71027738e-16
1.00534971e-15
0.
9.67876212e-16
0.
5.02674854e-16
0.
5.02674854e-16
0.
4.99612408e-16
9.71048557e-16
0.
9.71048557e-16
0.
5.43895982e-16
0.
5.02674854e-16
9.93110631e-16
4.90457593e-16
9.93110631e-16
0.
4.90457593e-16
0.
4.90457593e-16
0.
4.90457593e-16
9.80915185e-16
0.
1.02093745e-15
0.
5.02674854e-16
0.
5.02674854e-16
0.
4.78330929e-16
9.97657554e-16
0.
9.97657554e-16
0.
4.54378356e-16
0.
4.54378356e-16
9.7461205e-16
0.
9.51817969e-16
0.
9.51817969e-16
0.
4.75908984e-16
0.
4.31775426e-16
9.51817969e-16
0.
9.07059685e-16
0.
9.31363971e-16
0.
4.99600361e-16
0.
4.75908984e-16
9.07059685e-16
0.
9.07059685e-16
2.2887834e-16
4.5775668e-16
0.
4.5775668e-16
8.89045358e-16
2.2887834e-16
6.60326086e-16
2.71947991e-16
6.19391027e-16
0.
3.53270803e-16
0.
3.90555568e-16
8.48249626e-16
2.2887834e-16
5.80881164e-16
2.2887834e-16
6.10622664e-16
0.
3.84592537e-16
0.
3.84592537e-16
6.10622664e-16
1.92296269e-16
6.10622664e-16
1.92296269e-16
3.84592537e-16
0.
3.84592537e-16
0.
1.92296269e-16
5.46721435e-16
1.92296269e-16
5.29906205e-16
1.92296269e-16
3.55444798e-16
0.
3.55444798e-16
6.93611779e-16
1.92296269e-16
5.20740757e-16
1.92296269e-16
5.03057844e-16
0.
3.38231043e-16
0.
3.14631211e-16
4.99600361e-16
1.66533454e-16
4.99600361e-16
1.66533454e-16
3.33066907e-16
0.
3.18887286e-16
0.
3.18887286e-16
4.83934997e-16
1.66533454e-16
4.74287484e-16
1.66533454e-16
3.18887286e-16
0.
3.09111953e-16
6.25598145e-16
1.57009246e-16
4.71027738e-16
1.57009246e-16
4.71027738e-16
0.
3.14018492e-16
0.
3.18887286e-16
4.74287484e-16
1.52102707e-16
4.74287484e-16
1.66533454e-16
4.83934997e-16
0.
3.18887286e-16
0.
3.18887286e-16
4.7438899e-16
1.66533454e-16
4.83934997e-16
1.66533454e-16
3.18887286e-16
0.
3.33066907e-16
6.66133815e-16
1.66533454e-16
4.99600361e-16
1.66533454e-16
4.81141122e-16
0.
3.14631211e-16
0.
3.55444798e-16
6.68730838e-16
1.48174226e-16
5.29906205e-16
1.92296269e-16
5.46721435e-16
0.
3.68741988e-16
0.
3.68741988e-16
5.46721435e-16
1.92296269e-16
5.29906205e-16
1.92296269e-16
3.84592537e-16
0.
3.53270803e-16
7.37483977e-16
1.92296269e-16
5.45310539e-16
2.2887834e-16
5.80881164e-16
1.92296269e-16
4.19100001e-16
0.
4.19100001e-16
8.09207131e-16
2.2887834e-16
6.19391027e-16
2.2887834e-16
6.19391027e-16
0.
4.5775668e-16
0.
4.5775668e-16
6.19391027e-16
2.2887834e-16
6.60326086e-16
2.2887834e-16
4.31775426e-16
0.
4.31775426e-16
0.
4.5775668e-16
9.31363971e-16
4.75908984e-16
4.75908984e-16
0.
4.31775426e-16
0.
4.75908984e-16
9.07059685e-16
4.31775426e-16
9.51817969e-16
0.
4.75908984e-16
0.
4.54378356e-16
0.
5.21479921e-16
9.7461205e-16
4.54378356e-16
4.99600361e-16
0.
4.54378356e-16
0.
4.54378356e-16
0.
4.78330929e-16
9.97657554e-16
4.78330929e-16
5.21479921e-16
0.
4.78330929e-16
0.
4.78330929e-16
9.80915185e-16
5.32625085e-16
9.80915185e-16
0.
4.90457593e-16
0.
4.90457593e-16
0.
4.90457593e-16
9.93110631e-16
4.90457593e-16
5.43895982e-16
0.
4.96555315e-16
5.02674854e-16
5.02674854e-16
5.02674854e-16
5.02674854e-16
4.99612408e-16
4.71027738e-16
0.
5.02674854e-16
4.71027738e-16
5.43895982e-16
4.99612408e-16
5.02674854e-16
5.43895982e-16
5.02674854e-16
0.
0.
4.96555315e-16
4.71027738e-16
4.57966998e-16
4.90457593e-16
4.90457593e-16
4.71027738e-16
4.90457593e-16
0.
4.90457593e-16
4.90457593e-16
5.02674854e-16
4.57966998e-16
5.02674854e-16
4.78330929e-16
5.02674854e-16
0.
4.44955726e-16
5.02674854e-16
4.44955726e-16
4.78330929e-16
4.44955726e-16
4.44955726e-16
4.78330929e-16
4.44955726e-16
0.
4.44955726e-16
4.54378356e-16
4.44955726e-16
4.19100001e-16
4.19100001e-16
4.19100001e-16
4.19100001e-16
0.
4.19100001e-16
4.19100001e-16
4.19100001e-16
4.19100001e-16
4.19100001e-16
3.68219321e-16
3.68219321e-16
0.
0.
4.19100001e-16
3.42193718e-16
3.42193718e-16
3.68219321e-16
3.68219321e-16
3.68219321e-16
3.68219321e-16
0.
3.42193718e-16
2.88444403e-16
3.42193718e-16
3.42193718e-16
3.18887286e-16
3.68219321e-16
3.68219321e-16
0.
3.42193718e-16
2.88444403e-16
3.68219321e-16
3.18887286e-16
3.42193718e-16
2.88444403e-16
3.42193718e-16
2.88444403e-16
0.
2.88444403e-16
2.35513869e-16
2.88444403e-16
2.88444403e-16
2.88444403e-16
2.35513869e-16
2.35513869e-16
0.
2.35513869e-16
2.35513869e-16
1.8410966e-16
2.35513869e-16
2.35513869e-16
1.8410966e-16
1.66533454e-16
0.
0.
1.8410966e-16
1.8410966e-16
1.8410966e-16
1.8410966e-16
1.8410966e-16
1.66533454e-16
1.8410966e-16
0.
1.35973996e-16
1.35973996e-16
1.35973996e-16
1.11022302e-16
1.35973996e-16
1.11022302e-16
1.35973996e-16
0.
9.61481343e-17
1.11022302e-16
9.61481343e-17
5.55111512e-17
5.55111512e-17
5.55111512e-17
5.55111512e-17
5.55111512e-17
0.
5.55111512e-17
0.
0.
0.
5.55111512e-17
5.55111512e-17
0.
4.18726801e-05
0.
5.55111512e-17
5.55111512e-17
0.
0.
0.
5.55111512e-17
0.
5.55111512e-17
5.55111512e-17
5.55111512e-17
5.55111512e-17
5.55111512e-17
9.61481343e-17
1.11022302e-16
9.61481343e-17
0.
1.35973996e-16
1.11022302e-16
1.35973996e-16
1.11022302e-16
1.35973996e-16
1.35973996e-16
1.35973996e-16
0.
1.8410966e-16
1.66533454e-16
1.8410966e-16
1.8410966e-16
1.8410966e-16
1.8410966e-16
1.8410966e-16
0.
0.
1.66533454e-16
1.8410966e-16
2.35513869e-16
2.35513869e-16
1.8410966e-16
2.35513869e-16
2.35513869e-16
0.
2.35513869e-16
2.35513869e-16
2.88444403e-16
2.88444403e-16
2.88444403e-16
2.35513869e-16
2.88444403e-16
0.
2.88444403e-16
3.42193718e-16
2.88444403e-16
3.42193718e-16
3.18887286e-16
3.68219321e-16
2.88444403e-16
3.42193718e-16
0.
3.68219321e-16
3.68219321e-16
3.18887286e-16
3.42193718e-16
3.42193718e-16
2.88444403e-16
3.42193718e-16
0.
3.68219321e-16
3.68219321e-16
3.68219321e-16
3.68219321e-16
3.42193718e-16
3.42193718e-16
4.19100001e-16
0.
0.
3.68219321e-16
3.68219321e-16
4.19100001e-16
4.19100001e-16
4.19100001e-16
4.19100001e-16
4.19100001e-16
0.
4.19100001e-16
4.19100001e-16
4.19100001e-16
4.19100001e-16
4.44955726e-16
4.54378356e-16
4.44955726e-16
0.
4.44955726e-16
4.78330929e-16
4.44955726e-16
4.44955726e-16
4.78330929e-16
4.44955726e-16
5.02674854e-16
4.44955726e-16
0.
5.02674854e-16
4.78330929e-16
5.02674854e-16
4.57966998e-16
5.02674854e-16
4.90457593e-16
4.90457593e-16
0.
4.90457593e-16
4.71027738e-16
4.90457593e-16
4.90457593e-16
4.57966998e-16
4.71027738e-16
4.96555315e-16
0.
0.
5.02674854e-16
5.43895982e-16
5.02674854e-16
4.99612408e-16
5.43895982e-16
4.71027738e-16
5.02674854e-16
0.
4.71027738e-16
4.99612408e-16
5.02674854e-16
5.02674854e-16
5.02674854e-16
5.02674854e-16
4.96555315e-16
0.
5.43895982e-16
4.90457593e-16
9.93110631e-16
4.90457593e-16
0.
4.90457593e-16
0.
4.90457593e-16
0.
9.80915185e-16
5.32625085e-16
9.80915185e-16
4.78330929e-16
0.
4.78330929e-16
0.
5.21479921e-16
4.78330929e-16
9.97657554e-16
4.78330929e-16
0.
4.54378356e-16
0.
4.54378356e-16
0.
4.99600361e-16
4.54378356e-16
9.7461205e-16
5.21479921e-16
0.
4.54378356e-16
0.
4.75908984e-16
0.
9.51817969e-16
4.31775426e-16
9.07059685e-16
4.75908984e-16
0.
4.31775426e-16
0.
4.75908984e-16
4.75908984e-16
9.31363971e-16
4.5775668e-16
0.
4.31775426e-16
0.
4.31775426e-16
2.2887834e-16
6.60326086e-16
2.2887834e-16
6.19391027e-16
4.5775668e-16
0.
4.5775668e-16
0.
6.19391027e-16
2.2887834e-16
6.19391027e-16
2.2887834e-16
8.09207131e-16
4.19100001e-16
0.
4.19100001e-16
1.92296269e-16
5.80881164e-16
2.2887834e-16
5.45310539e-16
1.92296269e-16
7.37483977e-16
3.53270803e-16
0.
3.84592537e-16
1.92296269e-16
5.29906205e-16
1.92296269e-16
5.46721435e-16
3.68741988e-16
0.
3.68741988e-16
0.
5.46721435e-16
1.92296269e-16
5.29906205e-16
1.48174226e-16
6.68730838e-16
3.55444798e-16
0.
3.14631211e-16
0.
4.81141122e-16
1.66533454e-16
4.99600361e-16
1.66533454e-16
6.66133815e-16
3.33066907e-16
0.
3.18887286e-16
1.66533454e-16
4.83934997e-16
1.66533454e-16
4.7438899e-16
3.18887286e-16
0.
3.18887286e-16
0.
4.83934997e-16
1.66533454e-16
4.74287484e-16
1.52102707e-16
4.74287484e-16
3.18887286e-16
0.
3.14018492e-16
0.
4.71027738e-16
1.57009246e-16
4.71027738e-16
1.57009246e-16
6.25598145e-16
3.09111953e-16
0.
3.18887286e-16
1.66533454e-16
4.74287484e-16
1.66533454e-16
4.83934997e-16
3.18887286e-16
0.
3.18887286e-16
0.
3.33066907e-16
1.66533454e-16
4.99600361e-16
1.66533454e-16
4.99600361e-16
3.14631211e-16
0.
3.38231043e-16
0.
5.03057844e-16
1.92296269e-16
5.20740757e-16
1.92296269e-16
6.93611779e-16
3.55444798e-16
0.
3.55444798e-16
1.92296269e-16
5.29906205e-16
1.92296269e-16
5.46721435e-16
1.92296269e-16
0.
3.84592537e-16
0.
3.84592537e-16
1.92296269e-16
6.10622664e-16
1.92296269e-16
6.10622664e-16
3.84592537e-16
0.
3.84592537e-16
0.
6.10622664e-16
2.2887834e-16
5.80881164e-16
2.2887834e-16
8.48249626e-16
3.90555568e-16
0.
3.53270803e-16
0.
6.19391027e-16
2.71947991e-16
6.60326086e-16
2.2887834e-16
8.89045358e-16
4.5775668e-16
0.
4.5775668e-16
2.2887834e-16
9.07059685e-16
0.
9.07059685e-16
4.75908984e-16
0.
4.99600361e-16
0.
9.31363971e-16
0.
9.07059685e-16
0.
9.51817969e-16
4.31775426e-16
0.
4.75908984e-16
0.
9.51817969e-16
0.
9.51817969e-16
0.
9.7461205e-16
4.54378356e-16
0.
4.54378356e-16
0.
9.97657554e-16
0.
9.97657554e-16
4.78330929e-16
0.
5.02674854e-16
0.
5.02674854e-16
0.
1.02093745e-15
0.
9.80915185e-16
4.90457593e-16
0.
4.90457593e-16
0.
4.90457593e-16
0.
9.93110631e-16
4.90457593e-16
9.93110631e-16
5.02674854e-16
0.
5.43895982e-16
0.
9.71048557e-16
0.
9.71048557e-16
4.99612408e-16
0.
5.02674854e-16
0.
5.02674854e-16
0.
9.67876212e-16
0.
1.00534971e-15
4.71027738e-16
0.
4.64491445e-16
0.
4.71027738e-16
0.
9.58371531e-16
4.90457593e-16
9.58371531e-16
4.90457593e-16
0.
4.90457593e-16
0.
4.90457593e-16
0.
9.4572822e-16
4.44955726e-16
9.20548302e-16
4.44955726e-16
0.
4.44955726e-16
0.
8.89911452e-16
0.
8.63996786e-16
4.44955726e-16
0.
4.19100001e-16
0.
4.19100001e-16
0.
8.63996786e-16
4.19100001e-16
8.63996786e-16
4.19100001e-16
0.
4.19100001e-16
0.
4.19100001e-16
0.
7.87006398e-16
4.19100001e-16
8.38200002e-16
4.19100001e-16
0.
4.19100001e-16
0.
3.68219321e-16
0.
7.36438641e-16
3.96428914e-16
0.
3.68219321e-16
0.
3.42193718e-16
0.
7.06541606e-16
3.68219321e-16
6.54466821e-16
2.88444403e-16
0.
3.42193718e-16
0.
3.18887286e-16
0.
5.76888806e-16
3.18887286e-16
5.76888806e-16
3.18887286e-16
0.
2.71947991e-16
0.
2.88444403e-16
0.
5.52328981e-16
2.35513869e-16
0.
2.35513869e-16
0.
2.35513869e-16
0.
4.19100001e-16
1.8410966e-16
3.96428914e-16
2.35513869e-16
0.
1.8410966e-16
0.
1.8410966e-16
0.
3.68219321e-16
1.35973996e-16
3.42193718e-16
1.35973996e-16
0.
1.35973996e-16
0.
1.35973996e-16
0.
2.35513869e-16
9.61481343e-17
2.35513869e-16
1.11022302e-16
0.
5.55111512e-17
0.
9.61481343e-17
5.55111512e-17
1.11022302e-16
5.55111512e-17
0.
0.
0.
9.61481343e-17
0.
9.61481343e-17
0.
5.55111512e-17
0.
