###############################################
# Alcances iniciales
# Version 1
# 
###############################################
0.07097847
0.06969379
0.06881213
0.06835763
0.0683441
0.0687738
0.06963724
0.07091419
0.0725755
0.07458544
0.07690423
0.07949022
0.08230174
0.08529839
0.08844196
0.09169682
0.09458636
0.09687468
0.09871948
0.0964154
0.0820009
0.0705051
0.06281053
0.05903676
0.05897936
0.06258887
0.06787366
0.07416903
0.08136882
0.08772642
0.0946366
0.10029509
0.09811034
0.0904484
0.08527185
0.08350444
0.08536888
0.09226687
0.10337832
0.11811043
0.12970437
0.12582024
0.12192864
0.11802688
0.11409449
0.10996947
0.10581929
0.10164392
0.0974434
0.09321789
0.08896763
0.084693
0.08039444
0.07607252
0.07172788
0.0673613
0.06297362
0.05856578
0.05413882
0.04969386
0.04523209
0.04075478
0.03626329
0.03175901
0.03759341
0.05694055
0.06637282
0.06989357
0.073286
0.07615147
0.07857149
0.08047895
0.08175295
0.08248499
0.08316594
0.06698885
0.04516284
0.03175901
0.03437673
0.03887606
0.04334592
0.04778405
0.05218854
0.05655787
0.06089092
0.06518696
0.0694457
0.07366721
0.07785201
0.08200096
0.0861153
0.09019659
0.09424673
0.09826786
0.10226234
0.10623274
0.11018176
0.1141122
0.11802688
0.12192864
0.12422679
0.1195908
0.10913115
0.09511651
0.08302381
0.07400837
0.0688091
0.06768327
0.06992188
0.0742723
0.08059557
0.08654828
0.0935646
0.0991851
0.105353
0.10987705
0.11474838
0.11798817
0.12109286
0.12376013
0.12509859
0.12637419
0.12754547
0.1273547
0.12687025
0.12624915
0.12547915
0.12421853
0.12087805
0.11738805
0.11375273
0.10998015
0.10557347
0.10070765
0.09581298
0.09092962
0.0861071
0.08140639
0.07690222
0.07268528
0.06886354
0.06556139
0.06245747
0.05991982
0.05837871
0.05795038
0.05868878
0.06022781
0.06226731
0.06540518
0.06851242
0.07201394
0.07563649
0.07922525
0.08279066
0.08626073
0.08944901
0.09278303
0.09602703
0.090819
0.09185168
0.1000063
0.10843751
0.11154484
0.11456938
0.11729634
0.11992469
0.12244278
0.12483213
0.12707637
0.12916119
0.13094651
0.12557844
0.12298752
0.10835911
0.08972275
0.07626607
0.06833553
0.070329
0.0797005
0.09478426
0.11333501
0.12769823
0.12371044
0.11785712
0.10879701
0.0942631
0.07994348
0.06874122
0.061407
0.05897936
0.05963111
0.0634162
0.06915556
0.07455582
0.08015239
0.08574738
0.08962624
0.09346377
0.09593506
0.09797065
0.09879426
0.09957361
0.09871948
0.09795168
0.09687468
0.09458636
0.0923522
0.09018412
0.08809456
0.08529839
0.08230174
0.07949022
0.07690423
0.07458544
0.0725755
0.07091419
0.06963724
0.0687738
0.0683441
0.06835763
0.06881213
0.06969379
0.07097847
0.07263371
0.0746212
0.07689921
0.07942474
0.07604618
0.06389311
0.05467127
0.04919172
0.0478593
0.05028836
0.05476609
0.06044512
0.06717444
0.07348418
0.07981327
0.08565285
0.09137499
0.08170897
0.07179603
0.06358046
0.05903941
0.06073077
0.06922881
0.05434825
0.04165463
0.03970477
0.04881375
0.06746702
0.08921679
0.11238885
0.12627092
0.12557844
0.12298752
0.12526952
0.12429848
0.12300979
0.12140795
0.11950013
0.11729611
0.11480841
0.1120182
0.10815302
0.10400547
0.0988873
0.08498231
0.07142601
0.05861884
0.04733284
0.03905955
0.0343061
0.034221
0.03724575
0.04149491
0.04572779
0.04932335
0.05203969
0.05386898
0.05458869
0.05387477
0.05300923
0.05068707
0.0487945
0.04592061
0.04315059
0.0409396
0.03939456
0.03860225
0.03860955
0.03941053
0.04094765
0.04312655
0.04583619
0.04896582
0.05241516
0.05609838
0.0599442
0.06389421
0.06790065
0.07192425
0.07593244
0.07989787
0.08307229
0.08562439
0.08810228
0.08954773
0.08990615
0.08756461
0.07731209
0.05989475
0.04331499
0.02970281
0.01900101
0.02078299
0.02739513
0.03830253
0.0478696
0.05763883
0.06593282
0.07396917
0.08032508
0.0822713
0.07252487
0.06386706
0.05903941
0.05998663
0.06730955
0.07998822
0.09651856
0.10771038
0.10759961
0.10725196
0.106651
0.10578219
0.104633
0.10288488
0.1004358
0.09776073
0.09486087
0.0917384
0.08839649
0.08483934
0.08107212
0.07710105
0.0729333
0.06857703
0.06404132
0.05933616
0.05447241
0.04946172
0.04431651
0.03904989
0.04351812
0.06070168
0.08287985
0.10671908
0.13098859
0.13167251
0.13148751
0.13051811
0.12876891
0.11742973
0.09372007
0.0708239
0.05075623
0.03904989
0.04182088
0.04714212
0.05236915
0.05749166
0.06249962
0.06738327
0.07213315
0.07674012
0.08107212
0.08483934
0.08839649
0.0917384
0.09486087
0.09776073
0.1004358
0.10288488
0.10128758
0.09335713
0.09031854
0.09333358
0.07212349
0.05246583
0.03970477
0.04060996
0.05128631
0.06739957
0.06537977
0.04841253
0.03345031
0.02121248
0.01900101
0.02471155
0.0357945
0.04457573
0.05420687
0.06203128
0.0691617
0.07505858
0.07992214
0.08363472
0.08681048
0.08831909
0.08990615
0.09011967
0.08954773
0.08893936
0.08810228
0.08562439
0.08307229
0.08045259
0.07777337
0.07504452
0.07192425
0.06790065
0.06389421
0.0599442
0.05609838
0.05241516
0.04896582
0.04583619
0.04312655
0.04094765
0.03941053
0.03860955
0.03860225
0.03939456
0.0409396
0.04315059
0.04592061
0.04230139
0.03623307
0.034221
0.03538017
0.03956643
0.04543504
0.05143141
0.05767037
0.06425381
0.0697354
0.07560152
0.08067098
0.08549117
0.0903011
0.09497825
0.09874702
0.10236753
0.10580941
0.1090456
0.11205223
0.11480841
0.11729611
0.10081448
0.08425175
0.07234775
0.06833553
0.07245753
0.08521568
0.10196982
0.11816235
0.10363663
0.09441874
0.09031854
0.09358794
0.10193017
0.11457904
0.11127801
0.11055307
0.10503233
0.09704834
0.07996625
0.06569826
0.05510926
0.04907659
0.0478593
0.05054272
0.0554644
0.0606001
0.06586701
0.07084961
0.0750985
0.0778493
0.08022647
0.08139928
0.08190489
0.08159699
0.08110168
0.07945027
0.07800831
0.07679125
0.0746212
0.07263371
0.07097847
0.06969379
0.06881213
0.06835763
0.0683441
0.0687738
0.06963724
0.07091419
0.0725755
0.07458544
0.07690423
0.07949022
0.08230174
0.08529839
0.08844196
0.09169682
0.09458636
0.09687468
0.09871948
0.0964154
0.0820009
0.0705051
0.06281053
0.05903676
0.05897936
0.06258887
0.06787366
0.07416903
0.08136882
0.08772642
0.0946366
0.10029509
0.09811034
0.0904484
0.08527185
0.08350444
0.08536888
0.09226687
0.10337832
0.11811043
0.12970437
0.12582024
0.12192864
0.11802688
0.11409449
0.10996947
0.10581929
0.10164392
0.0974434
0.09321789
0.08896763
0.084693
0.08039444
0.07607252
0.07172788
0.0673613
0.06297362
0.05856578
0.05413882
0.04969386
0.04523209
0.04075478
0.03626329
0.03175901
0.03759341
0.05694055
0.06637282
0.06989357
0.073286
0.07615147
0.07857149
0.08047895
0.08175295
0.08248499
0.08316594
0.06698885
0.04516284
0.03175901
0.03437673
0.03887606
0.04334592
0.04778405
0.05218854
0.05655787
0.06089092
0.06518696
0.0694457
0.07366721
0.07785201
0.08200096
0.0861153
0.09019659
0.09424673
0.09826786
0.10226234
0.10623274
0.11018176
0.1141122
0.11802688
0.12192864
0.12422679
0.1195908
0.10913115
0.09511651
0.08302381
0.07400837
0.0688091
0.06768327
0.06992188
0.0742723
0.08059557
0.08654828
0.0935646
0.0991851
0.105353
0.10987705
0.11474838
0.11798817
0.12109286
0.12376013
0.12509859
0.12637419
0.12754547
0.1273547
0.12687025
0.12624915
0.12547915
0.12421853
0.12087805
0.11738805
0.11375273
0.10998015
0.10557347
0.10070765
0.09581298
0.09092962
0.0861071
0.08140639
0.07690222
0.07268528
0.06886354
0.06556139
0.06245747
0.05991982
0.05837871
0.05795038
0.05868878
0.06022781
0.06226731
0.06540518
0.06851242
0.07201394
0.07563649
0.07922525
0.08279066
0.08626073
0.08944901
0.09278303
0.09602703
0.090819
0.09185168
0.1000063
0.10843751
0.11154484
0.11456938
0.11729634
0.11992469
0.12244278
0.12483213
0.12707637
0.12916119
0.13094651
0.12557844
0.12298752
0.10835911
0.08972275
0.07626607
0.06833553
0.070329
0.0797005
0.09478426
0.11333501
0.12769823
0.12371044
0.11785712
0.10879701
0.0942631
0.07994348
0.06874122
0.061407
0.05897936
0.05963111
0.0634162
0.06915556
0.07455582
0.08015239
0.08574738
0.08962624
0.09346377
0.09593506
0.09797065
0.09879426
0.09957361
0.09871948
0.09795168
0.09687468
0.09458636
0.0923522
0.09018412
0.08809456
0.08529839
0.08230174
0.07949022
0.07690423
0.07458544
0.0725755
0.07091419
0.06963724
0.0687738
0.0683441
0.06835763
0.06881213
0.06969379
0.07097847
0.07454035
0.0746212
0.07689921
0.07942474
0.07604618
0.06389311
0.05467127
0.04919172
0.0478593
0.05028836
0.05476609
0.06044512
0.06717444
0.07348418
0.07981327
0.08565285
0.09137499
0.08170897
0.07179603
0.06358046
0.05903941
0.06073077
0.06922881
0.05434825
0.04165463
0.03970477
0.04881375
0.06746702
0.08921679
0.11238885
0.12627092
0.12557844
0.12298752
0.12526952
0.12429848
0.12300979
0.12140795
0.11950013
0.11729611
0.11480841
0.1120182
0.10815302
0.10400547
0.0988873
0.08498231
0.07142601
0.05861884
0.04733284
0.03905955
0.0343061
0.034221
0.03724575
0.04149491
0.04572779
0.04932335
0.05203969
0.05386898
0.05458869
0.05387477
0.05300923
0.05068707
0.0487945
0.04592061
0.04315059
0.0409396
0.03939456
0.03860225
0.03860955
0.03941053
0.04094765
0.04312655
0.04583619
0.04896582
0.05241516
0.05609838
0.0599442
0.06389421
0.06790065
0.07192425
0.07593244
0.07989787
0.08307229
0.08562439
0.08810228
0.08954773
0.08990615
0.08756461
0.07731209
0.05989475
0.04331499
0.02970281
0.01900101
0.02078299
0.02739513
0.03830253
0.0478696
0.05763883
0.06593282
0.07396917
0.08032508
0.0822713
0.07252487
0.06386706
0.05903941
0.05998663
0.06730955
0.07998822
0.09651856
0.10771038
0.10759961
0.10725196
0.106651
0.10578219
0.104633
0.10288488
0.1004358
0.09776073
0.09486087
0.0917384
0.08839649
0.08483934
0.08107212
0.07710105
0.0729333
0.06857703
0.06404132
0.05933616
0.05447241
0.04946172
0.04431651
0.03904989
0.04351812
0.06070168
0.08287985
0.10671908
0.13098859
0.13167251
0.13148751
0.13051811
0.12876891
0.11742973
0.09372007
0.0708239
0.05075623
0.03904989
0.04182088
0.04714212
0.05236915
0.05749166
0.06249962
0.06738327
0.07213315
0.07674012
0.08107212
0.08483934
0.08839649
0.0917384
0.09486087
0.09776073
0.1004358
0.10288488
0.10128758
0.09335713
0.09031854
0.09333358
0.07212349
0.05246583
0.03970477
0.04060996
0.05128631
0.06739957
0.06537977
0.04841253
0.03345031
0.02121248
0.01900101
0.02471155
0.0357945
0.04457573
0.05420687
0.06203128
0.0691617
0.07505858
0.07992214
0.08363472
0.08681048
0.08831909
0.08990615
0.09011967
0.08954773
0.08893936
0.08810228
0.08562439
0.08307229
0.08045259
0.07777337
0.07504452
0.07192425
0.06790065
0.06389421
0.0599442
0.05609838
0.05241516
0.04896582
0.04583619
0.04312655
0.04094765
0.03941053
0.03860955
0.03860225
0.03939456
0.0409396
0.04315059
0.04592061
0.04230139
0.03623307
0.034221
0.03538017
0.03956643
0.04543504
0.05143141
0.05767037
0.06425381
0.0697354
0.07560152
0.08067098
0.08549117
0.0903011
0.09497825
0.09874702
0.10236753
0.10580941
0.1090456
0.11205223
0.11480841
0.11729611
0.10081448
0.08425175
0.07234775
0.06833553
0.07245753
0.08521568
0.10196982
0.11816235
0.10363663
0.09441874
0.09031854
0.09358794
0.10193017
0.11457904
0.11127801
0.11055307
0.10503233
0.09704834
0.07996625
0.06569826
0.05510926
0.04907659
0.0478593
0.05054272
0.0554644
0.0606001
0.06586701
0.07084961
0.0750985
0.0778493
0.08022647
0.08139928
0.08190489
0.08159699
0.08110168
0.07945027
0.07800831
0.07679125
0.0746212
0.07263371
