###############################################
# Alcances iniciales
# Version 1
# 
###############################################
0.00303511
0.00304439
0.00522179
0.00792646
0.01073329
0.01353833
0.01629857
0.01898794
0.02158679
0.02407858
0.02644865
0.02868378
0.03077193
0.0327022
0.0344648
0.03605109
0.03745361
0.0386661
0.03968354
0.04050224
0.04111983
0.04153533
0.04174919
0.04158128
0.04120804
0.04065036
0.03991672
0.03901749
0.03796502
0.03677391
0.03546118
0.03404665
0.0325533
0.03100783
0.02944119
0.02788927
0.02639332
0.02500017
0.0237614
0.0227311
0.02196139
0.02149574
0.0213615
0.0213615
0.02156403
0.02208532
0.02288771
0.02392103
0.02513005
0.02646028
0.02786143
0.02928888
0.03070392
0.03207335
0.03336884
0.03456631
0.03564528
0.03658843
0.03738123
0.03801159
0.03846964
0.03874762
0.03874173
0.03845159
0.0379687
0.03729422
0.03643099
0.03538354
0.03415815
0.03276295
0.03120802
0.02950572
0.02767102
0.0257222
0.02368189
0.02157882
0.01945075
0.01734926
0.01534751
0.01355135
0.01210995
0.01120886
0.01101439
0.01101439
0.0115775
0.0127979
0.01449721
0.01650546
0.01869389
0.02097204
0.02327639
0.02556084
0.02779048
0.02993774
0.03198005
0.03389851
0.03567697
0.03730155
0.0387603
0.04004299
0.04114099
0.0420472
0.04275597
0.04326315
0.04356601
0.04355502
0.04324297
0.04273019
0.04202127
0.04112236
0.04004119
0.03878719
0.03737154
0.03580739
0.03411011
0.0322976
0.03039086
0.02841472
0.02639898
0.02437991
0.02240248
0.02052291
0.01881139
0.01735301
0.01624343
0.01557444
0.01540889
0.01540889
0.01575627
0.01656749
0.01775377
0.01921408
0.02085476
0.02259755
0.02438005
0.02615319
0.0278783
0.02952453
0.031067
0.03248542
0.03376317
0.03488664
0.03584481
0.03662893
0.03723236
0.03765038
0.03788017
0.03777288
0.03743928
0.03692449
0.03623501
0.03537944
0.03436864
0.03321596
0.03193758
0.03055298
0.02908553
0.0275633
0.02602009
0.02449656
0.02304136
0.02171176
0.02057275
0.01969325
0.01913829
0.01895732
0.01895732
0.01917273
0.01977401
0.02072129
0.02195581
0.02341174
0.02502488
0.02673734
0.02849898
0.03026722
0.03200607
0.03368506
0.03527825
0.03676347
0.03812169
0.03933655
0.04039405
0.04128226
0.0419912
0.04251263
0.04284
0.04289436
0.04261606
0.04213302
0.04144624
0.04034749
0.03947235
0.03819409
0.03672974
0.03508704
0.03327504
0.03130415
0.02918622
0.02693465
0.02456475
0.02209425
0.01954442
0.01694226
0.01432517
0.01175164
0.00932745
0.00727036
0.0060212
0.0060212
0.00611552
0.0074915
0.00958542
0.01199038
0.01451022
0.01704873
0.01955198
0.02198516
0.02432313
0.02654614
0.02863793
0.03058466
0.03237443
0.03399701
0.03544367
0.03670715
0.0377816
0.0386626
0.03934716
0.03983378
0.04012245
0.04011367
0.03982416
0.0393527
0.03870769
0.03789944
0.03694043
0.03584545
0.03463188
0.03332003
0.03193355
0.03049995
0.0290511
0.02762377
0.02625994
0.02500656
0.02391437
0.023035
0.02241629
0.02209584
0.02209457
0.02209457
0.02241252
0.02302888
0.02390611
0.02499642
0.02624814
0.02761051
0.02903656
0.03048426
0.03191681
0.0333023
0.02245994
0.03582586
0.03691992
0.03787798
0.03868524
0.03932922
0.03979957
0.04008789
0.04009395
0.03980371
0.03931533
0.03862881
0.03774559
0.03666863
0.03540226
0.03395227
0.03232581
0.03053146
0.02857927
0.02648088
0.02424975
0.0219016
0.01945533
0.01693479
0.01437264
0.01181926
0.00936514
0.0072006
0.0057469
0.00563772
0.00563772
0.00694909
0.00907393
0.01154729
0.01415466
0.01679552
0.01941494
0.02197768
0.02445808
0.0268357
0.02909337
0.03121617
0.03319095
0.03500605
0.0366512
0.03811744
0.0393971
0.04048383
0.04137256
0.04205956
0.04254248
0.04282033
0.04276403
0.03658249
0.03323272
0.04120065
0.04030972
0.03924902
0.03803041
0.03666785
0.0351776
0.03357862
0.03189297
0.0301465
0.02836958
0.02659817
0.02487487
0.02325
0.02178188
0.02053546
0.01957772
0.01896872
0.01874948
0.01874948
0.018931
0.01949051
0.02037748
0.02152566
0.022865
0.02432976
0.02586222
0.02741349
0.02894283
0.03041647
0.03180636
0.0330892
0.03424558
0.03525938
0.03611729
0.0368085
0.03732444
0.03765863
0.03776545
0.03753458
0.0371149
0.03650918
0.0357221
0.03476022
0.03363221
0.03234899
0.03092401
0.02937375
0.02771828
0.02598228
0.02419636
0.02239899
0.0206392
0.01897967
0.01749961
0.01629466
0.015469
0.01511493
0.01511493
0.01528362
0.0159648
0.01709252
0.01857144
0.0203033
0.0222016
0.0241956
0.02622902
0.02825707
0.0302437
0.03215936
0.03397945
0.03568317
0.03725276
0.03867299
0.03993083
0.04101516
0.04191664
0.04262758
0.04314188
0.04345496
0.04346663
0.04316344
0.03927644
0.03323272
0.04103735
0.03993695
0.03865122
0.03718872
0.0335948
0.02245994
0.03185033
0.02979986
0.02764272
0.02540103
0.02310182
0.02077931
0.01847878
0.01626302
0.01422244
0.01248796
0.01123642
0.01065796
0.01065796
0.01086149
0.01179167
0.01326998
0.01510168
0.01713401
0.01926066
0.02140916
0.02352881
0.02558265
0.02754259
0.02938649
0.03109646
0.0326578
0.03405838
0.03528829
0.03633952
0.0372059
0.03788297
0.03836795
0.03865974
0.03866773
0.03839025
0.03793233
0.03730177
0.03650841
0.03556433
0.03448409
0.03328499
0.03198749
0.03061568
0.02919791
0.02776743
0.02636303
0.02502949
0.02381733
0.02278138
0.02197727
0.02145559
0.02125431
0.02125431
0.02139149
0.0218616
0.0226369
0.02367339
0.02491855
0.02631794
0.02781976
0.0293771
0.03094863
0.03249851
0.03399579
0.03541383
0.03672968
0.03792357
0.03897851
0.03987996
0.04061557
0.04034749
0.04154986
0.04172049
0.04150779
0.04109335
0.04047671
0.03965887
0.0386422
0.03743042
0.03602853
0.03444281
0.03268073
0.03075093
0.02866319
0.02642844
0.0240587
0.02156722
0.01896865
0.01627955
0.01351959
0.01071489
0.00790866
0.00520556
0.00303511
0.00303511
0.00304439
0.00522179
0.00792646
0.01073329
0.01353833
0.01629857
0.01898794
0.02158679
0.02407858
0.02644865
0.02868378
0.03077193
0.0327022
0.0344648
0.03605109
0.03745361
0.0386661
0.03968354
0.04050224
0.04111983
0.04153533
0.04174919
0.04158128
0.04120804
0.04065036
0.03991672
0.03901749
0.03796502
0.03677391
0.03546118
0.03404665
0.0325533
0.03100783
0.02944119
0.02788927
0.02639332
0.02500017
0.0237614
0.0227311
0.02196139
0.02149574
0.0213615
0.0213615
0.02156403
0.02208532
0.02288771
0.02392103
0.02513005
0.02646028
0.02786143
0.02928888
0.03070392
0.03207335
0.03336884
0.03456631
0.03564528
0.03658843
0.03738123
0.03801159
0.03846964
0.03874762
0.03874173
0.03845159
0.0379687
0.03729422
0.03643099
0.03538354
0.03415815
0.03276295
0.03120802
0.02950572
0.02767102
0.0257222
0.02368189
0.02157882
0.01945075
0.01734926
0.01534751
0.01355135
0.01210995
0.01120886
0.01101439
0.01101439
0.0115775
0.0127979
0.01449721
0.01650546
0.01869389
0.02097204
0.02327639
0.02556084
0.02779048
0.02993774
0.03198005
0.03389851
0.03567697
0.03730155
0.0387603
0.04004299
0.04114099
0.0420472
0.04275597
0.04326315
0.04356601
0.04355502
0.04324297
0.04273019
0.04202127
0.04112236
0.04004119
0.03878719
0.03737154
0.03580739
0.03411011
0.0322976
0.03039086
0.02841472
0.02639898
0.02437991
0.02240248
0.02052291
0.01881139
0.01735301
0.01624343
0.01557444
0.01540889
0.01540889
0.01575627
0.01656749
0.01775377
0.01921408
0.02085476
0.02259755
0.02438005
0.02615319
0.0278783
0.02952453
0.031067
0.03248542
0.03376317
0.03488664
0.03584481
0.03662893
0.03723236
0.03765038
0.03788017
0.03777288
0.03743928
0.03692449
0.03623501
0.03537944
0.03436864
0.03321596
0.03193758
0.03055298
0.02908553
0.0275633
0.02602009
0.02449656
0.02304136
0.02171176
0.02057275
0.01969325
0.01913829
0.01895732
0.01895732
0.01917273
0.01977401
0.02072129
0.02195581
0.02341174
0.02502488
0.02673734
0.02849898
0.03026722
0.03200607
0.03368506
0.03527825
0.03676347
0.03812169
0.03933655
0.04039405
0.04128226
0.0419912
0.04251263
0.04284
0.04289436
0.04261606
0.04213302
0.04144624
0.04034749
0.03947235
0.03819409
0.03672974
0.03508704
0.03327504
0.03130415
0.02918622
0.02693465
0.02456475
0.02209425
0.01954442
0.01694226
0.01432517
0.01175164
0.00932745
0.00727036
0.0060212
0.0060212
0.00611552
0.0074915
0.00958542
0.01199038
0.01451022
0.01704873
0.01955198
0.02198516
0.02432313
0.02654614
0.02863793
0.03058466
0.03237443
0.03399701
0.03544367
0.03670715
0.0377816
0.0386626
0.03934716
0.03983378
0.04012245
0.04011367
0.03982416
0.0393527
0.03870769
0.03789944
0.03694043
0.03584545
0.03463188
0.03332003
0.03193355
0.03049995
0.0290511
0.02762377
0.02625994
0.02500656
0.02391437
0.023035
0.02241629
0.02209584
0.02209457
0.02209457
0.02241252
0.02302888
0.02390611
0.02499642
0.02624814
0.02761051
0.02903656
0.03048426
0.03191681
0.0333023
0.02245994
0.03582586
0.03691992
0.03787798
0.03868524
0.03932922
0.03979957
0.04008789
0.04009395
0.03980371
0.03931533
0.03862881
0.03774559
0.03666863
0.03540226
0.03395227
0.03232581
0.03053146
0.02857927
0.02648088
0.02424975
0.0219016
0.01945533
0.01693479
0.01437264
0.01181926
0.00936514
0.0072006
0.0057469
0.00563772
0.00563772
0.00694909
0.00907393
0.01154729
0.01415466
0.01679552
0.01941494
0.02197768
0.02445808
0.0268357
0.02909337
0.03121617
0.03319095
0.03500605
0.0366512
0.03811744
0.0393971
0.04048383
0.04137256
0.04205956
0.04254248
0.04282033
0.04276403
0.03658249
0.03323272
0.04120065
0.04030972
0.03924902
0.03803041
0.03666785
0.0351776
0.03357862
0.03189297
0.0301465
0.02836958
0.02659817
0.02487487
0.02325
0.02178188
0.02053546
0.01957772
0.01896872
0.01874948
0.01874948
0.018931
0.01949051
0.02037748
0.02152566
0.022865
0.02432976
0.02586222
0.02741349
0.02894283
0.03041647
0.03180636
0.0330892
0.03424558
0.03525938
0.03611729
0.0368085
0.03732444
0.03765863
0.03776545
0.03753458
0.0371149
0.03650918
0.0357221
0.03476022
0.03363221
0.03234899
0.03092401
0.02937375
0.02771828
0.02598228
0.02419636
0.02239899
0.0206392
0.01897967
0.01749961
0.01629466
0.015469
0.01511493
0.01511493
0.01528362
0.0159648
0.01709252
0.01857144
0.0203033
0.0222016
0.0241956
0.02622902
0.02825707
0.0302437
0.03215936
0.03397945
0.03568317
0.03725276
0.03867299
0.03993083
0.04101516
0.04191664
0.04262758
0.04314188
0.04345496
0.04346663
0.04316344
0.03927644
0.03323272
0.04103735
0.03993695
0.03865122
0.03718872
0.0335948
0.02245994
0.03185033
0.02979986
0.02764272
0.02540103
0.02310182
0.02077931
0.01847878
0.01626302
0.01422244
0.01248796
0.01123642
0.01065796
0.01065796
0.01086149
0.01179167
0.01326998
0.01510168
0.01713401
0.01926066
0.02140916
0.02352881
0.02558265
0.02754259
0.02938649
0.03109646
0.0326578
0.03405838
0.03528829
0.03633952
0.0372059
0.03788297
0.03836795
0.03865974
0.03866773
0.03839025
0.03793233
0.03730177
0.03650841
0.03556433
0.03448409
0.03328499
0.03198749
0.03061568
0.02919791
0.02776743
0.02636303
0.02502949
0.02381733
0.02278138
0.02197727
0.02145559
0.02125431
0.02125431
0.02139149
0.0218616
0.0226369
0.02367339
0.02491855
0.02631794
0.02781976
0.0293771
0.03094863
0.03249851
0.03399579
0.03541383
0.03672968
0.03792357
0.03897851
0.03987996
0.04061557
0.04034749
0.04154986
0.04172049
0.04150779
0.04109335
0.04047671
0.03965887
0.0386422
0.03743042
0.03602853
0.03444281
0.03268073
0.03075093
0.02866319
0.02642844
0.0240587
0.02156722
0.01896865
0.01627955
0.01351959
0.01071489
0.00790866
0.00520556
0.00303511
