###############################################
# Alcances iniciales
# Version 1
# 
###############################################
0.0338705
0.03502686
0.03601101
0.03681558
0.0374351
0.03786596
0.0381063
0.03801695
0.03769248
0.03718804
0.03651099
0.03567082
0.03467925
0.03355057
0.03230194
0.0309538
0.02953051
0.02806104
0.02657981
0.02512765
0.02375244
0.02250915
0.02145832
0.02066194
0.02017616
0.02004161
0.02004161
0.02027462
0.0208635
0.02177182
0.02294687
0.02432918
0.02585986
0.02748474
0.02915612
0.03083282
0.03247961
0.03406638
0.01691716
0.02541357
0.03822648
0.03934924
0.04031467
0.04111087
0.0417279
0.04215758
0.04239346
0.04226596
0.0418975
0.04132496
0.0405494
0.03957327
0.03840032
0.03703563
0.0354855
0.03375745
0.03186018
0.02980356
0.02759859
0.02525745
0.02279356
0.02022184
0.01755922
0.01482577
0.01204775
0.00926612
0.00656628
0.00421145
0.00319006
0.00319006
0.00452911
0.00696007
0.00965874
0.01241081
0.01514233
0.01781607
0.02040748
0.02289756
0.0252703
0.02751163
0.02960897
0.03155107
0.03332787
0.03493054
0.03635145
0.03758425
0.03862382
0.03946642
0.04010961
0.04055242
0.0407953
0.04069069
0.04035189
0.03983068
0.03913574
0.03827768
0.0372692
0.03612528
0.03486347
0.03350423
0.03207129
0.03059224
0.02909901
0.02762844
0.02622265
0.02492885
0.02379815
0.02288281
0.02223139
0.02188219
0.0218565
0.0218565
0.02215426
0.0227539
0.02361673
0.02469365
0.0259318
0.02727947
0.02868902
0.03011803
0.03152952
0.03289156
0.03417673
0.03536153
0.03642589
0.03735269
0.03812747
0.03873812
0.03917468
0.03942916
0.03936923
0.03904781
0.03853019
0.03781692
0.03691012
0.03581346
0.03453212
0.03307283
0.03144396
0.02965556
0.02771957
0.02565021
0.02346451
0.02118342
0.01883379
0.01645213
0.01409214
0.01183984
0.00984341
0.00835722
0.00773379
0.00773379
0.00819836
0.00959631
0.01158038
0.01387645
0.01632114
0.01881967
0.02131329
0.02376214
0.02613682
0.02841416
0.03057502
0.03260307
0.03448419
0.03620603
0.03775786
0.0391304
0.04031581
0.0413076
0.04210068
0.04269134
0.04307723
0.04323248
0.04300432
0.04257641
0.04195371
0.0411428
0.04015186
0.03899084
0.03767155
0.01691716
0.02985386
0.03291463
0.03112599
0.02927594
0.02739526
0.02552081
0.02369713
0.02197793
0.02042718
0.01911804
0.01812767
0.01752577
0.01735814
0.01735814
0.01763212
0.01831343
0.01933654
0.02062186
0.02209028
0.02367124
0.02530532
0.02694377
0.02854696
0.03008256
0.0315241
0.03284979
0.03404163
0.03508477
0.03596711
0.03667892
0.03721266
0.03756283
0.03769995
0.03748529
0.03708379
0.03649927
0.03573749
0.03480624
0.03371549
0.0324777
0.03110805
0.02962503
0.02805106
0.02641347
0.02474577
0.02308935
0.02149541
0.02002667
0.01875779
0.01777203
0.01715149
0.01696031
0.01696031
0.01722634
0.01793228
0.01902257
0.02042077
0.02204666
0.02382669
0.02569797
0.02760838
0.02951503
0.03138257
0.03318149
0.03488696
0.03647786
0.03793609
0.03924615
0.04039477
0.04137064
0.02825342
0.02395619
0.04317561
0.04338253
0.04318359
0.04277602
0.04216431
0.04135119
0.04034081
0.03913869
0.0377518
0.03618852
0.03445874
0.03257392
0.03054727
0.02839406
0.02613209
0.0237825
0.02137133
0.01893212
0.01651084
0.01417511
0.01203098
0.01024911
0.00908171
0.00879307
0.00879307
0.00945851
0.01088298
0.01278329
0.01494021
0.01721475
0.01952087
0.02180284
0.02402205
0.02615
0.02816452
0.03004774
0.03178487
0.03336356
0.03477355
0.03600636
0.03705522
0.03791499
0.03858211
0.0390546
0.03933209
0.03930874
0.03901545
0.03854242
0.03789802
0.03709264
0.0361389
0.03505184
0.03384926
0.03255202
0.03118456
0.0297754
0.0283577
0.02696982
0.02565555
0.02446369
0.02344648
0.0226562
0.02213975
0.02193181
0.02193181
0.0220486
0.02248458
0.02321376
0.02419487
0.0253782
0.02211204
0.02814533
0.02963325
0.03113482
0.03261451
0.03404155
0.03538938
0.03663508
0.03775893
0.03874399
0.03957579
0.04024212
0.04073279
0.04103953
0.04107687
0.04079947
0.04032198
0.03964425
0.03876761
0.03769477
0.03642982
0.03497818
0.03334657
0.03154299
0.02957671
0.02745826
0.02519956
0.02281402
0.02031691
0.01772614
0.01506387
0.0123606
0.00966602
0.00708362
0.00489894
0.00393904
0.00393904
0.00499711
0.00722701
0.00983761
0.01255941
0.01529325
0.01799069
0.02062155
0.02316357
0.02559862
0.02791108
0.03008711
0.03211433
0.03398166
0.03567924
0.03719845
0.03853188
0.0396734
0.04061814
0.04136256
0.04190446
0.04224304
0.04231431
0.04205273
0.04159945
0.04096132
0.04014695
0.03916678
0.03803324
0.03676095
0.03536698
0.03387113
0.03229646
0.03066978
0.02902231
0.02309361
0.02211204
0.02434924
0.02304251
0.02195402
0.02113998
0.02064763
0.02050645
0.02050645
0.02072125
0.02127069
0.02211204
0.0231897
0.02444386
0.02581675
0.02725607
0.02871618
0.03015806
0.03154864
0.03285998
0.03406853
0.03515444
0.03610102
0.03689441
0.03752318
0.03797816
0.03825224
0.03823897
0.03794681
0.03746408
0.03679278
0.03593672
0.03490151
0.03369466
0.03232576
0.03080667
0.02915192
0.02737926
0.02551052
0.02357298
0.02160149
0.01964164
0.01775448
0.01602254
0.01455529
0.01348685
0.01295319
0.01295319
0.01304332
0.01375371
0.01499214
0.01662617
0.0185284
0.02059563
0.02274961
0.02493174
0.02709737
0.02921157
0.03124623
0.03317813
0.03498771
0.03665829
0.03817558
0.03952729
0.04070295
0.04169377
0.04249255
0.0430936
0.04349272
0.0436757
0.04345847
0.03684633
0.02395619
0.0415958
0.0405865
0.03939441
0.03802875
0.03650048
0.03482241
0.0330095
0.03107916
0.02905187
0.02695201
0.02480916
0.02266011
0.02055182
0.01854558
0.01672205
0.01518494
0.014057
0.01345775
0.01345775
0.01346041
0.01405384
0.01514706
0.01661171
0.01832313
0.02017908
0.02210144
0.02403164
0.02592543
0.02774868
0.02947448
0.03108125
0.03255138
0.0338705
0.03502686
0.03601101
0.03681558
0.0374351
0.03786596
0.0381063
0.03801695
0.03769248
0.03718804
0.03651099
0.03567082
0.03467925
0.03355057
0.03230194
0.0309538
0.02953051
0.02806104
0.02657981
0.02512765
0.02375244
0.02250915
0.02145832
0.02066194
0.02017616
0.02004161
0.02004161
0.02027462
0.0208635
0.02177182
0.02294687
0.02432918
0.02585986
0.02748474
0.02915612
0.03083282
0.03247961
0.03406638
0.01691716
0.02541357
0.03822648
0.03934924
0.04031467
0.04111087
0.0417279
0.04215758
0.04239346
0.04226596
0.0418975
0.04132496
0.0405494
0.03957327
0.03840032
0.03703563
0.0354855
0.03375745
0.03186018
0.02980356
0.02759859
0.02525745
0.02279356
0.02022184
0.01755922
0.01482577
0.01204775
0.00926612
0.00656628
0.00421145
0.00319006
0.00319006
0.00452911
0.00696007
0.00965874
0.01241081
0.01514233
0.01781607
0.02040748
0.02289756
0.0252703
0.02751163
0.02960897
0.03155107
0.03332787
0.03493054
0.03635145
0.03758425
0.03862382
0.03946642
0.04010961
0.04055242
0.0407953
0.04069069
0.04035189
0.03983068
0.03913574
0.03827768
0.0372692
0.03612528
0.03486347
0.03350423
0.03207129
0.03059224
0.02909901
0.02762844
0.02622265
0.02492885
0.02379815
0.02288281
0.02223139
0.02188219
0.0218565
0.0218565
0.02215426
0.0227539
0.02361673
0.02469365
0.0259318
0.02727947
0.02868902
0.03011803
0.03152952
0.03289156
0.03417673
0.03536153
0.03642589
0.03735269
0.03812747
0.03873812
0.03917468
0.03942916
0.03936923
0.03904781
0.03853019
0.03781692
0.03691012
0.03581346
0.03453212
0.03307283
0.03144396
0.02965556
0.02771957
0.02565021
0.02346451
0.02118342
0.01883379
0.01645213
0.01409214
0.01183984
0.00984341
0.00835722
0.00773379
0.00773379
0.00819836
0.00959631
0.01158038
0.01387645
0.01632114
0.01881967
0.02131329
0.02376214
0.02613682
0.02841416
0.03057502
0.03260307
0.03448419
0.03620603
0.03775786
0.0391304
0.04031581
0.0413076
0.04210068
0.04269134
0.04307723
0.04323248
0.04300432
0.04257641
0.04195371
0.0411428
0.04015186
0.03899084
0.03767155
0.01691716
0.02985386
0.03291463
0.03112599
0.02927594
0.02739526
0.02552081
0.02369713
0.02197793
0.02042718
0.01911804
0.01812767
0.01752577
0.01735814
0.01735814
0.01763212
0.01831343
0.01933654
0.02062186
0.02209028
0.02367124
0.02530532
0.02694377
0.02854696
0.03008256
0.0315241
0.03284979
0.03404163
0.03508477
0.03596711
0.03667892
0.03721266
0.03756283
0.03769995
0.03748529
0.03708379
0.03649927
0.03573749
0.03480624
0.03371549
0.0324777
0.03110805
0.02962503
0.02805106
0.02641347
0.02474577
0.02308935
0.02149541
0.02002667
0.01875779
0.01777203
0.01715149
0.01696031
0.01696031
0.01722634
0.01793228
0.01902257
0.02042077
0.02204666
0.02382669
0.02569797
0.02760838
0.02951503
0.03138257
0.03318149
0.03488696
0.03647786
0.03793609
0.03924615
0.04039477
0.04137064
0.02825342
0.02395619
0.04317561
0.04338253
0.04318359
0.04277602
0.04216431
0.04135119
0.04034081
0.03913869
0.0377518
0.03618852
0.03445874
0.03257392
0.03054727
0.02839406
0.02613209
0.0237825
0.02137133
0.01893212
0.01651084
0.01417511
0.01203098
0.01024911
0.00908171
0.00879307
0.00879307
0.00945851
0.01088298
0.01278329
0.01494021
0.01721475
0.01952087
0.02180284
0.02402205
0.02615
0.02816452
0.03004774
0.03178487
0.03336356
0.03477355
0.03600636
0.03705522
0.03791499
0.03858211
0.0390546
0.03933209
0.03930874
0.03901545
0.03854242
0.03789802
0.03709264
0.0361389
0.03505184
0.03384926
0.03255202
0.03118456
0.0297754
0.0283577
0.02696982
0.02565555
0.02446369
0.02344648
0.0226562
0.02213975
0.02193181
0.02193181
0.0220486
0.02248458
0.02321376
0.02419487
0.0253782
0.02211204
0.02814533
0.02963325
0.03113482
0.03261451
0.03404155
0.03538938
0.03663508
0.03775893
0.03874399
0.03957579
0.04024212
0.04073279
0.04103953
0.04107687
0.04079947
0.04032198
0.03964425
0.03876761
0.03769477
0.03642982
0.03497818
0.03334657
0.03154299
0.02957671
0.02745826
0.02519956
0.02281402
0.02031691
0.01772614
0.01506387
0.0123606
0.00966602
0.00708362
0.00489894
0.00393904
0.00393904
0.00499711
0.00722701
0.00983761
0.01255941
0.01529325
0.01799069
0.02062155
0.02316357
0.02559862
0.02791108
0.03008711
0.03211433
0.03398166
0.03567924
0.03719845
0.03853188
0.0396734
0.04061814
0.04136256
0.04190446
0.04224304
0.04231431
0.04205273
0.04159945
0.04096132
0.04014695
0.03916678
0.03803324
0.03676095
0.03536698
0.03387113
0.03229646
0.03066978
0.02902231
0.02309361
0.02211204
0.02434924
0.02304251
0.02195402
0.02113998
0.02064763
0.02050645
0.02050645
0.02072125
0.02127069
0.02211204
0.0231897
0.02444386
0.02581675
0.02725607
0.02871618
0.03015806
0.03154864
0.03285998
0.03406853
0.03515444
0.03610102
0.03689441
0.03752318
0.03797816
0.03825224
0.03823897
0.03794681
0.03746408
0.03679278
0.03593672
0.03490151
0.03369466
0.03232576
0.03080667
0.02915192
0.02737926
0.02551052
0.02357298
0.02160149
0.01964164
0.01775448
0.01602254
0.01455529
0.01348685
0.01295319
0.01295319
0.01304332
0.01375371
0.01499214
0.01662617
0.0185284
0.02059563
0.02274961
0.02493174
0.02709737
0.02921157
0.03124623
0.03317813
0.03498771
0.03665829
0.03817558
0.03952729
0.04070295
0.04169377
0.04249255
0.0430936
0.04349272
0.0436757
0.04345847
0.03684633
0.02395619
0.0415958
0.0405865
0.03939441
0.03802875
0.03650048
0.03482241
0.0330095
0.03107916
0.02905187
0.02695201
0.02480916
0.02266011
0.02055182
0.01854558
0.01672205
0.01518494
0.014057
0.01345775
0.01345775
0.01346041
0.01405384
0.01514706
0.01661171
0.01832313
0.02017908
0.02210144
0.02403164
0.02592543
0.02774868
0.02947448
0.03108125
0.03255138
