###############################################
# Alcances iniciales
# Version 1
# 
###############################################
0.08760453
0.08891418
0.08997575
0.09103722
0.09186327
0.09241274
0.08948259
0.08591904
0.08360811
0.08246047
0.08234313
0.08309596
0.08455149
0.08655219
0.08895953
0.09141965
0.09406791
0.09685907
0.09940009
0.10091854
0.09538091
0.09083316
0.08748308
0.08551109
0.08503736
0.08609507
0.08862245
0.09247799
0.09747071
0.10339204
0.11003961
0.11723052
0.12480618
0.12613269
0.12722134
0.12828215
0.12931316
0.13031259
0.1312788
0.13213873
0.13289841
0.13363311
0.13434274
0.1350273
0.13568685
0.1363215
0.13693147
0.13751705
0.1380786
0.13861656
0.13913143
0.13962381
0.14009435
0.14054377
0.14097289
0.14138253
0.14177363
0.14214715
0.1425041
0.14284554
0.14317258
0.13995924
0.13228374
0.12455302
0.11560282
0.10629401
0.09708629
0.08811185
0.07954769
0.07163416
0.06469487
0.05914485
0.05545511
0.0540369
0.05506971
0.05840413
0.06364072
0.07030223
0.07795976
0.08627611
0.08610076
0.08811185
0.07954769
0.07163416
0.06469487
0.05914485
0.05545511
0.0540369
0.05506971
0.05840413
0.06364072
0.07030223
0.07795976
0.08627611
0.09500046
0.1039485
0.11298318
0.1220002
0.12978154
0.13726582
0.1445579
0.15176527
0.15333484
0.15362758
0.15393288
0.1542509
0.15458178
0.15492565
0.15528265
0.1556529
0.15603654
0.15643369
0.15684447
0.15726902
0.15770745
0.15815989
0.15862644
0.15910722
0.15899261
0.15249941
0.14593364
0.13925203
0.13248386
0.12563164
0.1186982
0.11168664
0.10460035
0.097443
0.08983998
0.08095829
0.07252041
0.06480898
0.05821475
0.0532422
0.05044025
0.05021425
0.05261048
0.05728939
0.06371892
0.07138133
0.07986504
0.08785087
0.08698194
0.08095829
0.07252041
0.06480898
0.05821475
0.0532422
0.05044025
0.05021425
0.05261048
0.05728939
0.06371892
0.07138133
0.07986504
0.08886945
0.09681654
0.10424069
0.11148257
0.11868353
0.12584123
0.13295344
0.13992425
0.14679708
0.15362557
0.16040782
0.16387591
0.16541169
0.16705863
0.16880884
0.16389135
0.15364083
0.14353706
0.13362931
0.12392283
0.11405648
0.1045739
0.09560591
0.08732734
0.07971434
0.07273932
0.06722285
0.06355573
0.061979
0.06179986
0.06397824
0.06828633
0.07357875
0.0801404
0.08774513
0.0954934
0.10404026
0.11179045
0.10578516
0.1005844
0.09637411
0.0933324
0.09160631
0.09128666
0.09238949
0.09485247
0.09854796
0.10330668
0.10894262
0.11337789
0.11033007
0.11179045
0.10578516
0.1005844
0.09637411
0.0933324
0.09160631
0.09128666
0.09238949
0.09485247
0.09854796
0.10330668
0.10894262
0.11527249
0.12212743
0.12935809
0.13683541
0.14444911
0.15210517
0.15972329
0.16723449
0.17457909
0.18170508
0.18856683
0.19063649
0.18596038
0.18125846
0.17653124
0.17177924
0.167003
0.16220307
0.15738002
0.15253441
0.14766686
0.14277795
0.13786832
0.13293857
0.12798936
0.12302134
0.11803516
0.11303151
0.10801106
0.10297451
0.09786918
0.09270161
0.08751452
0.08230876
0.07708524
0.07184491
0.06658875
0.06131778
0.05603303
0.05050153
0.04494089
0.03936262
0.03636503
0.03696856
0.04100185
0.04756172
0.05570632
0.06477209
0.07434617
0.08026936
0.08125596
0.07139277
0.06187114
0.05298949
0.04523294
0.03936262
0.03636503
0.03696856
0.04100185
0.04676152
0.05218768
0.05757329
0.06292782
0.06819803
0.07333625
0.07845187
0.08354373
0.08861079
0.09365204
0.09866662
0.10365372
0.10861266
0.11354281
0.11844367
0.12331481
0.12815592
0.13296675
0.13774715
0.14249705
0.14721646
0.15190548
0.15643369
0.15603654
0.1556529
0.15528265
0.15492565
0.15458178
0.1542509
0.15393288
0.15362758
0.15333484
0.15305453
0.14927574
0.14119716
0.13302737
0.12484394
0.11674049
0.10883134
0.10125709
0.09419044
0.08784043
0.08245113
0.07828826
0.07560742
0.0746045
0.07536444
0.07783568
0.08184705
0.08715563
0.09349833
0.10062786
0.09766964
0.10125709
0.09419044
0.08784043
0.08245113
0.07828826
0.07560742
0.0746045
0.07536444
0.07783568
0.08184705
0.08715563
0.09349833
0.10062786
0.09765097
0.09004135
0.08318135
0.07641494
0.07105678
0.06604575
0.06293383
0.06179986
0.061979
0.06449549
0.06909087
0.0747476
0.08156117
0.08950073
0.09828355
0.10756817
0.11692814
0.12670992
0.13681019
0.13693147
0.13631097
0.13556763
0.13478536
0.13396459
0.13310597
0.13221035
0.1312788
0.13031259
0.12931316
0.12828215
0.12699578
0.12559705
0.12416787
0.12249907
0.1206104
0.11326769
0.10604609
0.09965641
0.0934096
0.0875762
0.08285274
0.07948172
0.07766787
0.07753175
0.07907601
0.0821839
0.08398909
0.08510711
0.08636663
0.08771059
0.08884082
0.08985894
0.09089787
0.0875762
0.08285274
0.07948172
0.07766787
0.07753175
0.07907601
0.0821839
0.08665126
0.09066733
0.08997575
0.08891418
0.08784988
0.08678009
0.08570192
0.08461239
0.08324356
0.08175555
0.08024932
0.07872423
0.07717963
0.07561491
0.07402944
0.07242263
0.07079391
0.06914275
0.06746864
0.06577115
0.06404988
0.06230447
0.06053466
0.05874021
0.05692099
0.05504117
0.05308531
0.05111583
0.0491332
0.04713788
0.04513037
0.04311114
0.0410807
0.03903954
0.03698817
0.03492711
0.03285688
0.030778
0.028691
0.02659642
0.02449481
0.0223867
0.02023305
0.01801828
0.0157919
0.01632575
0.0235637
0.03336153
0.04398347
0.05488235
0.06584221
0.07504676
0.07519849
0.06433063
0.05341608
0.04257254
0.03203916
0.02244234
0.0157919
0.01602895
0.01815322
0.02027265
0.0223867
0.02449481
0.02659642
0.028691
0.030778
0.03285688
0.03492711
0.03698817
0.03903954
0.0410807
0.04311114
0.04513037
0.04713788
0.0491332
0.05111583
0.05308531
0.05504117
0.05698295
0.0589102
0.06082249
0.06271938
0.06460044
0.06646526
0.06831344
0.07014457
0.07195826
0.07375414
0.07553183
0.07717963
0.07872423
0.08024932
0.08175555
0.08324356
0.08471398
0.08616744
0.08760453
0.08891418
0.08997575
0.09103722
0.09186327
0.09241274
0.08948259
0.08591904
0.08360811
0.08246047
0.08234313
0.08309596
0.08455149
0.08655219
0.08895953
0.09141965
0.09406791
0.09685907
0.09940009
0.10091854
0.09538091
0.09083316
0.08748308
0.08551109
0.08503736
0.08609507
0.08862245
0.09247799
0.09747071
0.10339204
0.11003961
0.11723052
0.12480618
0.12613269
0.12722134
0.12828215
0.12931316
0.13031259
0.1312788
0.13213873
0.13289841
0.13363311
0.13434274
0.1350273
0.13568685
0.1363215
0.13693147
0.13751705
0.1380786
0.13861656
0.13913143
0.13962381
0.14009435
0.14054377
0.14097289
0.14138253
0.14177363
0.14214715
0.1425041
0.14284554
0.14317258
0.13995924
0.13228374
0.12455302
0.11560282
0.10629401
0.09708629
0.08811185
0.07954769
0.07163416
0.06469487
0.05914485
0.05545511
0.0540369
0.05506971
0.05840413
0.06364072
0.07030223
0.07795976
0.08627611
0.08610076
0.08811185
0.07954769
0.07163416
0.06469487
0.05914485
0.05545511
0.0540369
0.05506971
0.05840413
0.06364072
0.07030223
0.07795976
0.08627611
0.09500046
0.1039485
0.11298318
0.1220002
0.12978154
0.13726582
0.1445579
0.15176527
0.15333484
0.15362758
0.15393288
0.1542509
0.15458178
0.15492565
0.15528265
0.1556529
0.15603654
0.15643369
0.15684447
0.15726902
0.15770745
0.15815989
0.15862644
0.15910722
0.15899261
0.15249941
0.14593364
0.13925203
0.13248386
0.12563164
0.1186982
0.11168664
0.10460035
0.097443
0.08983998
0.08095829
0.07252041
0.06480898
0.05821475
0.0532422
0.05044025
0.05021425
0.05261048
0.05728939
0.06371892
0.07138133
0.07986504
0.08785087
0.08698194
0.08095829
0.07252041
0.06480898
0.05821475
0.0532422
0.05044025
0.05021425
0.05261048
0.05728939
0.06371892
0.07138133
0.07986504
0.08886945
0.09681654
0.10424069
0.11148257
0.11868353
0.12584123
0.13295344
0.13992425
0.14679708
0.15362557
0.16040782
0.16387591
0.16541169
0.16705863
0.16880884
0.16389135
0.15364083
0.14353706
0.13362931
0.12392283
0.11405648
0.1045739
0.09560591
0.08732734
0.07971434
0.07273932
0.06722285
0.06355573
0.061979
0.06179986
0.06397824
0.06828633
0.07357875
0.0801404
0.08774513
0.0954934
0.10404026
0.11179045
0.10578516
0.1005844
0.09637411
0.0933324
0.09160631
0.09128666
0.09238949
0.09485247
0.09854796
0.10330668
0.10894262
0.11337789
0.11033007
0.11179045
0.10578516
0.1005844
0.09637411
0.0933324
0.09160631
0.09128666
0.09238949
0.09485247
0.09854796
0.10330668
0.10894262
0.11527249
0.12212743
0.12935809
0.13683541
0.14444911
0.15210517
0.15972329
0.16723449
0.17457909
0.18170508
0.18856683
0.19063649
0.18596038
0.18125846
0.17653124
0.17177924
0.167003
0.16220307
0.15738002
0.15253441
0.14766686
0.14277795
0.13786832
0.13293857
0.12798936
0.12302134
0.11803516
0.11303151
0.10801106
0.10297451
0.09786918
0.09270161
0.08751452
0.08230876
0.07708524
0.07184491
0.06658875
0.06131778
0.05603303
0.05050153
0.04494089
0.03936262
0.03636503
0.03696856
0.04100185
0.04756172
0.05570632
0.06477209
0.07434617
0.08026936
0.08125596
0.07139277
0.06187114
0.05298949
0.04523294
0.03936262
0.03636503
0.03696856
0.04100185
0.04676152
0.05218768
0.05757329
0.06292782
0.06819803
0.07333625
0.07845187
0.08354373
0.08861079
0.09365204
0.09866662
0.10365372
0.10861266
0.11354281
0.11844367
0.12331481
0.12815592
0.13296675
0.13774715
0.14249705
0.14721646
0.15190548
0.15643369
0.15603654
0.1556529
0.15528265
0.15492565
0.15458178
0.1542509
0.15393288
0.15362758
0.15333484
0.15305453
0.14927574
0.14119716
0.13302737
0.12484394
0.11674049
0.10883134
0.10125709
0.09419044
0.08784043
0.08245113
0.07828826
0.07560742
0.0746045
0.07536444
0.07783568
0.08184705
0.08715563
0.09349833
0.10062786
0.09766964
0.10125709
0.09419044
0.08784043
0.08245113
0.07828826
0.07560742
0.0746045
0.07536444
0.07783568
0.08184705
0.08715563
0.09349833
0.10062786
0.09765097
0.09004135
0.08318135
0.07641494
0.07105678
0.06604575
0.06293383
0.06179986
0.061979
0.06449549
0.06909087
0.0747476
0.08156117
0.08950073
0.09828355
0.10756817
0.11692814
0.12670992
0.13681019
0.13693147
0.13631097
0.13556763
0.13478536
0.13396459
0.13310597
0.13221035
0.1312788
0.13031259
0.12931316
0.12828215
0.12699578
0.12559705
0.12416787
0.12249907
0.1206104
0.11326769
0.10604609
0.09965641
0.0934096
0.0875762
0.08285274
0.07948172
0.07766787
0.07753175
0.07907601
0.0821839
0.08398909
0.08510711
0.08636663
0.08771059
0.08884082
0.08985894
0.09089787
0.0875762
0.08285274
0.07948172
0.07766787
0.07753175
0.07907601
0.0821839
0.08665126
0.09066733
0.08997575
0.08891418
0.08784988
0.08760453
0.08570192
0.08461239
0.08324356
0.08175555
0.08024932
0.07872423
0.07717963
0.07561491
0.07402944
0.07242263
0.07079391
0.06914275
0.06746864
0.06577115
0.06404988
0.06230447
0.06053466
0.05874021
0.05692099
0.05504117
0.05308531
0.05111583
0.0491332
0.04713788
0.04513037
0.04311114
0.0410807
0.03903954
0.03698817
0.03492711
0.03285688
0.030778
0.028691
0.02659642
0.02449481
0.0223867
0.02023305
0.01801828
0.0157919
0.01632575
0.0235637
0.03336153
0.04398347
0.05488235
0.06584221
0.07504676
0.07519849
0.06433063
0.05341608
0.04257254
0.03203916
0.02244234
0.0157919
0.01602895
0.01815322
0.02027265
0.0223867
0.02449481
0.02659642
0.028691
0.030778
0.03285688
0.03492711
0.03698817
0.03903954
0.0410807
0.04311114
0.04513037
0.04713788
0.0491332
0.05111583
0.05308531
0.05504117
0.05698295
0.0589102
0.06082249
0.06271938
0.06460044
0.06646526
0.06831344
0.07014457
0.07195826
0.07375414
0.07553183
0.07717963
0.07872423
0.08024932
0.08175555
0.08324356
0.08471398
0.08616744
