###############################################
# Alcances iniciales
# Version 1
# 
###############################################
0.03092892
0.03246379
0.03384187
0.03505247
0.03608699
0.03693873
0.03760281
0.03807608
0.03835707
0.03834509
0.03805788
0.03759007
0.03694922
0.03614495
0.03518914
0.03409615
0.03288311
0.03157039
0.03018206
0.02874655
0.02729743
0.02587409
0.02452234
0.02329427
0.02224685
0.02143824
0.02092152
0.02073633
0.02073633
0.02090097
0.02140841
0.02222822
0.0233134
0.0246087
0.02605781
0.02760774
0.029211
0.03082609
0.03241721
0.03395358
0.03540878
0.02366126
0.02114625
0.03907535
0.04000813
0.04077395
0.04136257
0.04176558
0.0419763
0.04180227
0.04141212
0.04081874
0.04002307
0.03902742
0.03783541
0.03645195
0.0348832
0.03313649
0.03122028
0.02914412
0.02691862
0.02455539
0.02206702
0.01946717
0.0167707
0.01399412
0.01115694
0.0082859
0.00543319
0.00280394
0.00202707
0.00202707
0.00427862
0.00707968
0.00994232
0.01278394
0.01557134
0.01828301
0.02090158
0.02341178
0.02579972
0.0280526
0.02951784
0.01525613
0.01560657
0.03549407
0.03691638
0.03814922
0.03918756
0.0400277
0.04066724
0.04110519
0.04134198
0.04122126
0.04087226
0.04033927
0.03963077
0.03875717
0.0377309
0.03656662
0.03528146
0.03389539
0.03243155
0.03091684
0.0293824
0.02786428
0.02640381
0.02504771
0.02384715
0.02285536
0.02212308
0.02169209
0.02158795
0.02158795
0.0218147
0.0223538
0.02316795
0.02420791
0.02541967
0.02674991
0.02814931
0.02957398
0.03098571
0.03235165
0.031406
8.8817842e-16
0.031406
0.03685317
0.03764262
0.03826947
0.03872371
0.03899739
0.0389807
0.03868359
0.03819233
0.03750775
0.03663232
0.03557014
0.03432696
0.03291026
0.03132932
0.02959548
0.02772236
0.02572647
0.02362807
0.02145264
0.01923353
0.01701651
0.01486786
0.01288794
0.01122992
0.01010869
0.00975067
0.00975067
0.01025538
0.01151075
0.01329265
0.01539614
0.01767653
0.02003851
0.02241819
0.02477061
0.02706224
0.02926676
0.03136268
0.03333192
0.02175472
0.02114625
0.03833504
0.03966253
0.04080465
0.04175449
0.04250658
0.04305687
0.04340275
0.04347794
0.04320922
0.04274004
0.04207512
0.04122072
0.04018471
0.03897666
0.03760799
0.03609207
0.03444455
0.03268364
0.03083071
0.02891092
0.02695434
0.02499729
0.02308424
0.02126991
0.01962116
0.01821708
0.01714433
0.0164845
0.01629366
0.01629366
0.01658273
0.01731232
0.01840643
0.01977452
0.02132917
0.02299479
0.02470945
0.02642348
0.0280972
0.02128858
0.01208974
0.01252907
0.02203191
0.03360526
0.03586272
0.03662422
0.03720664
0.03760486
0.03781567
0.03767142
0.03731914
0.03678508
0.03607539
0.0351983
0.03416429
0.03298631
0.03168013
0.0302648
0.02876329
0.02720335
0.02561857
0.02404978
0.02254638
0.02116733
0.01998067
0.0190599
0.01847557
0.01828223
0.01828223
0.01850486
0.01913191
0.02011951
0.02140377
0.02291423
0.02458338
0.02635127
0.02816675
0.0299868
0.0317754
0.03350218
0.03514144
0.03667122
6.10622664e-16
0.03932979
0.04042857
0.04135732
0.04210614
0.04266692
0.04303319
0.0431643
0.04292397
0.04247874
0.04182968
0.04097925
0.03993134
0.03869117
0.03726536
0.03566191
0.03389019
0.03196106
0.02988699
0.02768222
0.02536321
0.02294937
0.02046433
0.01793847
0.01541392
0.0129548
0.01066904
0.00875091
0.00753002
0.00737889
0.00737889
0.00834819
0.01009624
0.01226021
0.01461602
0.01704016
0.01946123
0.0218339
0.02412653
0.02631529
0.02128858
0.01208974
0.01252907
0.02203191
0.03360526
0.03639647
0.03746971
0.03835161
0.03903888
0.03952977
0.03982406
0.03982995
0.03954921
0.03908738
0.03845275
0.03765563
0.03670848
0.03562613
0.03442603
0.03312862
0.03175774
0.03034111
0.02891092
0.02750429
0.02616355
0.02493598
0.02387247
0.02302454
0.02243947
0.02215383
0.02215383
0.02218722
0.02253833
0.02318529
0.02409
0.02520461
0.02647773
0.0278591
0.02930222
0.03076557
0.03221271
0.03361205
0.03493628
0.02114625
0.02200189
0.03823916
0.03905868
0.03971471
0.04019685
0.04049666
0.04052447
0.04024431
0.03976534
0.03908741
0.03821184
0.03714139
0.03588025
0.03443394
0.03280936
0.03101475
0.02905974
0.02695536
0.02471426
0.02235098
0.01988253
0.01732974
0.0147199
0.01209325
0.00951983
0.00714855
0.00534955
0.00487475
0.00487475
0.00606241
0.00821111
0.01073457
0.01338928
0.01607157
0.01872773
0.021324
0.02383588
0.02624377
0.02853105
0.03068322
0.031406
2.1427592e-15
0.031406
0.03770392
0.03901457
0.04013285
0.04105375
0.04177357
0.04228995
0.04260196
0.04261614
0.04232366
0.04183761
0.04116457
0.04031283
0.03929247
0.03811551
0.03679608
0.03535067
0.03379848
0.03216184
0.03046681
0.02874393
0.0270291
0.02536452
0.02379942
0.02239004
0.02119794
0.02028542
0.01970733
0.01950053
0.01950053
0.01967465
0.02020909
0.02105805
0.02216069
0.02345164
0.02486843
0.02635531
0.02786434
0.02935511
0.03079376
0.01525613
0.01560657
0.0309446
0.0355263
0.03636204
0.03703248
0.03752866
0.03784375
0.03791294
0.03766282
0.03722308
0.03659611
0.03578612
0.03479919
0.03364343
0.03232909
0.03086887
0.02927832
0.02757642
0.02578654
0.02393779
0.02206702
0.02022178
0.0184641
0.01687473
0.01555516
0.01462176
0.01418405
0.01418405
0.01430826
0.0149881
0.01614929
0.01768312
0.01947977
0.02144538
0.02350543
0.02560203
0.02768999
0.02973339
0.03170305
0.03357477
0.03532814
0.02114625
0.02388872
0.03971624
0.04084538
0.04179098
0.04254549
0.04310293
0.04345881
0.0435554
0.04329447
0.04282872
0.04216093
0.04129535
0.04023767
0.03899507
0.0375763
0.03599169
0.03425334
0.03237532
0.03037397
0.02826846
0.02608158
0.02384111
0.02158195
0.01934961
0.01720564
0.01523556
0.0135576
0.01232397
0.01169455
0.01169455
0.01176897
0.01252205
0.01381899
0.01549116
0.01739247
0.01941404
0.02147846
0.0235304
0.02552919
0.02744391
0.02925032
0.03092892
0.03246379
0.03384187
0.03505247
0.03608699
0.03693873
0.03760281
0.03807608
0.03835707
0.03834509
0.03805788
0.03759007
0.03694922
0.03614495
0.03518914
0.03409615
0.03288311
0.03157039
0.03018206
0.02874655
0.02729743
0.02587409
0.02452234
0.02329427
0.02224685
0.02143824
0.02092152
0.02073633
0.02073633
0.02090097
0.02140841
0.02222822
0.0233134
0.0246087
0.02605781
0.02760774
0.029211
0.03082609
0.03241721
0.03395358
0.03540878
0.02366126
0.02114625
0.03907535
0.04000813
0.04077395
0.04136257
0.04176558
0.0419763
0.04180227
0.04141212
0.04081874
0.04002307
0.03902742
0.03783541
0.03645195
0.0348832
0.03313649
0.03122028
0.02914412
0.02691862
0.02455539
0.02206702
0.01946717
0.0167707
0.01399412
0.01115694
0.0082859
0.00543319
0.00280394
0.00202707
0.00202707
0.00427862
0.00707968
0.00994232
0.01278394
0.01557134
0.01828301
0.02090158
0.02341178
0.02579972
0.0280526
0.02951784
0.01525613
0.01560657
0.03549407
0.03691638
0.03814922
0.03918756
0.0400277
0.04066724
0.04110519
0.04134198
0.04122126
0.04087226
0.04033927
0.03963077
0.03875717
0.0377309
0.03656662
0.03528146
0.03389539
0.03243155
0.03091684
0.0293824
0.02786428
0.02640381
0.02504771
0.02384715
0.02285536
0.02212308
0.02169209
0.02158795
0.02158795
0.0218147
0.0223538
0.02316795
0.02420791
0.02541967
0.02674991
0.02814931
0.02957398
0.03098571
0.03235165
0.031406
2.1427592e-15
0.031406
0.03685317
0.03764262
0.03826947
0.03872371
0.03899739
0.0389807
0.03868359
0.03819233
0.03750775
0.03663232
0.03557014
0.03432696
0.03291026
0.03132932
0.02959548
0.02772236
0.02572647
0.02362807
0.02145264
0.01923353
0.01701651
0.01486786
0.01288794
0.01122992
0.01010869
0.00975067
0.00975067
0.01025538
0.01151075
0.01329265
0.01539614
0.01767653
0.02003851
0.02241819
0.02477061
0.02706224
0.02926676
0.03136268
0.03333192
0.02175472
0.02114625
0.03833504
0.03966253
0.04080465
0.04175449
0.04250658
0.04305687
0.04340275
0.04347794
0.04320922
0.04274004
0.04207512
0.04122072
0.04018471
0.03897666
0.03760799
0.03609207
0.03444455
0.03268364
0.03083071
0.02891092
0.02695434
0.02499729
0.02308424
0.02126991
0.01962116
0.01821708
0.01714433
0.0164845
0.01629366
0.01629366
0.01658273
0.01731232
0.01840643
0.01977452
0.02132917
0.02299479
0.02470945
0.02642348
0.0280972
0.02128858
0.01208974
0.01252907
0.02203191
0.03360526
0.03586272
0.03662422
0.03720664
0.03760486
0.03781567
0.03767142
0.03731914
0.03678508
0.03607539
0.0351983
0.03416429
0.03298631
0.03168013
0.0302648
0.02876329
0.02720335
0.02561857
0.02404978
0.02254638
0.02116733
0.01998067
0.0190599
0.01847557
0.01828223
0.01828223
0.01850486
0.01913191
0.02011951
0.02140377
0.02291423
0.02458338
0.02635127
0.02816675
0.0299868
0.0317754
0.03350218
0.03514144
0.03667122
6.10622664e-16
0.03932979
0.04042857
0.04135732
0.04210614
0.04266692
0.04303319
0.0431643
0.04292397
0.04247874
0.04182968
0.04097925
0.03993134
0.03869117
0.03726536
0.03566191
0.03389019
0.03196106
0.02988699
0.02768222
0.02536321
0.02294937
0.02046433
0.01793847
0.01541392
0.0129548
0.01066904
0.00875091
0.00753002
0.00737889
0.00737889
0.00834819
0.01009624
0.01226021
0.01461602
0.01704016
0.01946123
0.0218339
0.02412653
0.02631529
0.02128858
0.01208974
0.01252907
0.02203191
0.03360526
0.03639647
0.03746971
0.03835161
0.03903888
0.03952977
0.03982406
0.03982995
0.03954921
0.03908738
0.03845275
0.03765563
0.03670848
0.03562613
0.03442603
0.03312862
0.03175774
0.03034111
0.02891092
0.02750429
0.02616355
0.02493598
0.02387247
0.02302454
0.02243947
0.02215383
0.02215383
0.02218722
0.02253833
0.02318529
0.02409
0.02520461
0.02647773
0.0278591
0.02930222
0.03076557
0.03221271
0.03361205
0.03493628
0.02114625
0.02200189
0.03823916
0.03905868
0.03971471
0.04019685
0.04049666
0.04052447
0.04024431
0.03976534
0.03908741
0.03821184
0.03714139
0.03588025
0.03443394
0.03280936
0.03101475
0.02905974
0.02695536
0.02471426
0.02235098
0.01988253
0.01732974
0.0147199
0.01209325
0.00951983
0.00714855
0.00534955
0.00487475
0.00487475
0.00606241
0.00821111
0.01073457
0.01338928
0.01607157
0.01872773
0.021324
0.02383588
0.02624377
0.02853105
0.03068322
0.031406
8.8817842e-16
0.031406
0.03770392
0.03901457
0.04013285
0.04105375
0.04177357
0.04228995
0.04260196
0.04261614
0.04232366
0.04183761
0.04116457
0.04031283
0.03929247
0.03811551
0.03679608
0.03535067
0.03379848
0.03216184
0.03046681
0.02874393
0.0270291
0.02536452
0.02379942
0.02239004
0.02119794
0.02028542
0.01970733
0.01950053
0.01950053
0.01967465
0.02020909
0.02105805
0.02216069
0.02345164
0.02486843
0.02635531
0.02786434
0.02935511
0.03079376
0.01525613
0.01560657
0.0309446
0.0355263
0.03636204
0.03703248
0.03752866
0.03784375
0.03791294
0.03766282
0.03722308
0.03659611
0.03578612
0.03479919
0.03364343
0.03232909
0.03086887
0.02927832
0.02757642
0.02578654
0.02393779
0.02206702
0.02022178
0.0184641
0.01687473
0.01555516
0.01462176
0.01418405
0.01418405
0.01430826
0.0149881
0.01614929
0.01768312
0.01947977
0.02144538
0.02350543
0.02560203
0.02768999
0.02973339
0.03170305
0.03357477
0.03532814
0.02114625
0.02388872
0.03971624
0.04084538
0.04179098
0.04254549
0.04310293
0.04345881
0.0435554
0.04329447
0.04282872
0.04216093
0.04129535
0.04023767
0.03899507
0.0375763
0.03599169
0.03425334
0.03237532
0.03037397
0.02826846
0.02608158
0.02384111
0.02158195
0.01934961
0.01720564
0.01523556
0.0135576
0.01232397
0.01169455
0.01169455
0.01176897
0.01252205
0.01381899
0.01549116
0.01739247
0.01941404
0.02147846
0.0235304
0.02552919
0.02744391
0.02925032
