###############################################
# Alcances iniciales
# Version 1
# 
###############################################
0.16558146
0.17254218
0.1659102
0.1574697
0.15111861
0.14730622
0.1463564
0.1483913
0.15330112
0.16077757
0.17039053
0.1816688
0.18242743
0.1809415
0.16846337
0.15796635
0.14898257
0.14270934
0.13925206
0.1391932
0.14228834
0.1488983
0.15775851
0.16170976
0.14481774
0.12899674
0.1148037
0.1015846
0.09132635
0.08525727
0.08211537
0.08419496
0.08966531
0.09836162
0.10850958
0.11382159
0.10286508
0.09096143
0.08056674
0.07534892
0.07640316
0.08341009
0.09489836
0.10924665
0.12522307
0.14200443
0.15402295
0.15622527
0.13832799
0.12101011
0.10490261
0.09096143
0.08056674
0.07534892
0.07640316
0.08341009
0.09468078
0.10570173
0.11612627
0.12613677
0.12466039
0.11917897
0.1135325
0.1084663
0.10409576
0.10053782
0.09790218
0.09577884
0.09458657
0.09458657
0.09577884
0.09811347
0.10149924
0.1058175
0.1109369
0.11672556
0.12305918
0.12982534
0.13692499
0.1413552
0.13807178
0.1371304
0.13787589
0.1406781
0.14511845
0.15060847
0.1570551
0.16419189
0.17174449
0.17929243
0.18690319
0.19207229
0.18777022
0.18362965
0.17984833
0.17452399
0.170489
0.16880431
0.1686652
0.1664683
0.16415749
0.16156316
0.15872264
0.15559851
0.15247582
0.14914131
0.14542301
0.1416572
0.13784052
0.12840365
0.11620142
0.10600266
0.09935681
0.09537562
0.09537562
0.09996924
0.10411655
0.09943538
0.09469891
0.08990889
0.08506724
0.08017602
0.07523744
0.07025386
0.06522777
0.06016178
0.05505863
0.04992116
0.04475232
0.03955516
0.03737414
0.04698169
0.06321676
0.08202434
0.10173139
0.1216202
0.13420832
0.13374465
0.12991288
0.10976195
0.08968598
0.07023562
0.05261223
0.0397937
0.03737414
0.04259652
0.04777391
0.05290174
0.05797576
0.06299215
0.06794746
0.07283866
0.07766318
0.0824189
0.08455128
0.0878577
0.09225169
0.0975615
0.10361716
0.10944788
0.11370136
0.11788549
0.1220021
0.12605332
0.12979961
0.13320073
0.13653044
0.13278761
0.12222846
0.11344076
0.10828625
0.10613355
0.10717173
0.11131293
0.11781899
0.12594848
0.13302931
0.12893111
0.12617733
0.12420917
0.12317665
0.12256563
0.12246558
0.12249816
0.12261467
0.1228948
0.12270399
0.12281752
0.1223967
0.1217331
0.12118031
0.12040877
0.11893267
0.10757162
0.09760804
0.08871194
0.08419496
0.08211537
0.0854138
0.09151224
0.10113815
0.09996405
0.09715744
0.09425831
0.09126311
0.08816891
0.08497341
0.081675
0.07827274
0.07476645
0.07115662
0.06744451
0.06363207
0.05968649
0.05566748
0.05159618
0.04744267
0.04318209
0.03884701
0.0344438
0.03057552
0.03845495
0.0549208
0.07432101
0.07475321
0.07472035
0.0740366
0.0724802
0.07024039
0.06731576
0.06381334
0.05981083
0.05323057
0.03728869
0.03057552
0.03485596
0.03910208
0.04330996
0.04747586
0.05159618
0.05566748
0.05968649
0.06365012
0.06755548
0.07139988
0.07518082
0.07889604
0.08254348
0.08612131
0.08962792
0.09306192
0.09642216
0.09970773
0.10268224
0.10531661
0.1078722
0.11035444
0.1011393
0.08159253
0.06481065
0.04955137
0.04100446
0.04216327
0.0501961
0.06251896
0.07673072
0.09138983
0.10584109
0.11977258
0.12538494
0.12262082
0.11555265
0.10833358
0.10041705
0.09178028
0.08306144
0.07435457
0.06519539
0.05691774
0.05056068
0.0476054
0.04942627
0.0560448
0.06599472
0.07905234
0.09384529
0.10968494
0.11668499
0.11426396
0.11208065
0.11017003
0.10856619
0.10718622
0.10608349
0.10544644
0.10529829
0.10565333
0.10651604
0.107881
0.10968384
0.11169156
0.1140824
0.11683182
0.11991227
0.12329424
0.11451312
0.10519506
0.09549498
0.08552317
0.0753623
0.07006112
0.07144591
0.07921236
0.09169641
0.10713155
0.12424147
0.14220642
0.14839416
0.15029607
0.13298009
0.11601823
0.10002688
0.08597906
0.0753623
0.07006112
0.07144591
0.07921236
0.09010018
0.10026131
0.11027782
0.11971904
0.12891597
0.13792934
0.14674637
0.15535459
0.16330341
0.1710023
0.17344312
0.15381422
0.13475617
0.11539218
0.09808401
0.08070557
0.06794213
0.05882042
0.0584305
0.06462976
0.07728633
0.09226659
0.07950784
0.06204611
0.04776162
0.04100446
0.04274925
0.05151889
0.06435063
0.07855752
0.09290403
0.10682677
0.12005208
0.13244307
0.14393652
0.15451487
0.16044904
0.16457308
0.1679235
0.17077294
0.17340802
0.16478509
0.15580393
0.14914616
0.14521958
0.144276
0.14634227
0.15120894
0.15848438
0.16768258
0.16482265
0.16139179
0.15787891
0.15406764
0.14954279
0.14495745
0.14032086
0.13564378
0.13093874
0.12622034
0.12102325
0.11581611
0.11069897
0.10570573
0.10087488
0.09624993
0.09187974
0.08463626
0.07722613
0.07027133
0.06381299
0.05757201
0.05255978
0.04918891
0.04776072
0.04731297
0.04926662
0.0522001
0.05655894
0.06158525
0.06683102
0.07236938
0.07774815
0.08315819
0.08872244
0.09385663
0.09927237
0.10408569
0.10898025
0.11388947
0.11862219
0.12294738
0.1271699
0.13125955
0.13518963
0.13893662
0.14247991
0.1458016
0.14888633
0.14605991
0.14049817
0.1391932
0.14019514
0.13314868
0.11343418
0.09532509
0.07890003
0.06560698
0.05882042
0.0584305
0.067014
0.07915555
0.09520916
0.11200244
0.11711344
0.09890694
0.08204476
0.06742704
0.05620452
0.04906138
0.0476054
0.05122048
0.05806118
0.06640029
0.07514708
0.08370685
0.09158035
0.09833043
0.10435615
0.10968657
0.11408366
0.1171892
0.11989254
0.12147881
0.11863977
0.11362424
0.11258862
0.11559513
0.12094753
0.11925314
0.11747212
0.11586793
0.11426396
0.11208065
0.11017003
0.10856619
0.10730121
0.106404
0.10589903
0.10544644
0.10529829
0.10565333
0.09977139
0.09453562
0.0900972
0.08660753
0.08420737
0.08248535
0.08176851
0.0824426
0.08447319
0.08775775
0.09214732
0.09697171
0.10259194
0.10898574
0.11597982
0.12301637
0.1305961
0.13835451
0.1455725
0.15195481
0.15870837
0.16558146
0.17254218
0.1659102
0.1574697
0.15111861
0.14730622
0.1463564
0.1483913
0.15330112
0.16077757
0.17039053
0.1816688
0.18242743
0.1809415
0.16846337
0.15796635
0.14898257
0.14270934
0.13925206
0.1391932
0.14228834
0.1488983
0.15775851
0.16170976
0.14481774
0.12899674
0.1148037
0.1015846
0.09132635
0.08525727
0.08211537
0.08419496
0.08966531
0.09836162
0.10850958
0.11382159
0.10286508
0.09096143
0.08056674
0.07534892
0.07640316
0.08341009
0.09489836
0.10924665
0.12522307
0.14200443
0.15402295
0.15622527
0.13832799
0.12101011
0.10490261
0.09096143
0.08056674
0.07534892
0.07640316
0.08341009
0.09468078
0.10570173
0.11612627
0.12613677
0.12466039
0.11917897
0.1135325
0.1084663
0.10409576
0.10053782
0.09790218
0.09577884
0.09458657
0.09458657
0.09577884
0.09811347
0.10149924
0.1058175
0.1109369
0.11672556
0.12305918
0.12982534
0.13692499
0.1413552
0.13807178
0.1371304
0.13787589
0.1406781
0.14511845
0.15060847
0.1570551
0.16419189
0.17174449
0.17929243
0.18690319
0.19207229
0.18777022
0.18362965
0.17984833
0.17452399
0.170489
0.16880431
0.1686652
0.1664683
0.16415749
0.16156316
0.15872264
0.15559851
0.15247582
0.14914131
0.14542301
0.1416572
0.13784052
0.12840365
0.11620142
0.10600266
0.09935681
0.09537562
0.09537562
0.09996924
0.10411655
0.09943538
0.09469891
0.08990889
0.08506724
0.08017602
0.07523744
0.07025386
0.06522777
0.06016178
0.05505863
0.04992116
0.04475232
0.03955516
0.03737414
0.04698169
0.06321676
0.08202434
0.10173139
0.1216202
0.13420832
0.13374465
0.12991288
0.10976195
0.08968598
0.07023562
0.05261223
0.0397937
0.03737414
0.04259652
0.04777391
0.05290174
0.05797576
0.06299215
0.06794746
0.07283866
0.07766318
0.0824189
0.08455128
0.0878577
0.09225169
0.0975615
0.10361716
0.10944788
0.11370136
0.11788549
0.1220021
0.12605332
0.12979961
0.13320073
0.13653044
0.13278761
0.12222846
0.11344076
0.10828625
0.10613355
0.10717173
0.11131293
0.11781899
0.12594848
0.13302931
0.12893111
0.12617733
0.12420917
0.12317665
0.12256563
0.12246558
0.12249816
0.12261467
0.1228948
0.12270399
0.12281752
0.1223967
0.1217331
0.12118031
0.12040877
0.11893267
0.10757162
0.09760804
0.08871194
0.08419496
0.08211537
0.0854138
0.09151224
0.10113815
0.09996405
0.09715744
0.09425831
0.09126311
0.08816891
0.08497341
0.081675
0.07827274
0.07476645
0.07115662
0.06744451
0.06363207
0.05968649
0.05566748
0.05159618
0.04744267
0.04318209
0.03884701
0.0344438
0.03057552
0.03845495
0.0549208
0.07432101
0.07475321
0.07472035
0.0740366
0.0724802
0.07024039
0.06731576
0.06381334
0.05981083
0.05323057
0.03728869
0.03057552
0.03485596
0.03910208
0.04330996
0.04747586
0.05159618
0.05566748
0.05968649
0.06365012
0.06755548
0.07139988
0.07518082
0.07889604
0.08254348
0.08612131
0.08962792
0.09306192
0.09642216
0.09970773
0.10268224
0.10531661
0.1078722
0.11035444
0.1011393
0.08159253
0.06481065
0.04955137
0.04100446
0.04216327
0.0501961
0.06251896
0.07673072
0.09138983
0.10584109
0.11977258
0.12538494
0.12262082
0.11555265
0.10833358
0.10041705
0.09178028
0.08306144
0.07435457
0.06519539
0.05691774
0.05056068
0.0476054
0.04942627
0.0560448
0.06599472
0.07905234
0.09384529
0.10968494
0.11668499
0.11426396
0.11208065
0.11017003
0.10856619
0.10718622
0.10608349
0.10544644
0.10529829
0.10565333
0.10651604
0.107881
0.10968384
0.11169156
0.1140824
0.11683182
0.11991227
0.12329424
0.11451312
0.10519506
0.09549498
0.08552317
0.0753623
0.07006112
0.07144591
0.07921236
0.09169641
0.10713155
0.12424147
0.14220642
0.14839416
0.15029607
0.13298009
0.11601823
0.10002688
0.08597906
0.0753623
0.07006112
0.07144591
0.07921236
0.09010018
0.10026131
0.11027782
0.11971904
0.12891597
0.13792934
0.14674637
0.15535459
0.16330341
0.1710023
0.17344312
0.15381422
0.13475617
0.11539218
0.09808401
0.08070557
0.06794213
0.05882042
0.0584305
0.06462976
0.07728633
0.09226659
0.07950784
0.06204611
0.04776162
0.04100446
0.04274925
0.05151889
0.06435063
0.07855752
0.09290403
0.10682677
0.12005208
0.13244307
0.14393652
0.15451487
0.16044904
0.16457308
0.1679235
0.17077294
0.17340802
0.16478509
0.15580393
0.14914616
0.14521958
0.144276
0.14634227
0.15120894
0.15848438
0.16768258
0.16482265
0.16139179
0.15787891
0.15406764
0.14954279
0.14495745
0.14032086
0.13564378
0.13093874
0.12622034
0.12102325
0.11581611
0.11069897
0.10570573
0.10087488
0.09624993
0.09187974
0.08463626
0.07722613
0.07027133
0.06381299
0.05757201
0.05255978
0.04918891
0.04776072
0.04731297
0.04926662
0.0522001
0.05655894
0.06158525
0.06683102
0.07236938
0.07774815
0.08315819
0.08872244
0.09385663
0.09927237
0.10408569
0.10898025
0.11388947
0.11862219
0.12294738
0.1271699
0.13125955
0.13518963
0.13893662
0.14247991
0.1458016
0.14888633
0.14605991
0.14049817
0.1391932
0.14019514
0.13314868
0.11343418
0.09532509
0.07890003
0.06560698
0.05882042
0.0584305
0.067014
0.07915555
0.09520916
0.11200244
0.11711344
0.09890694
0.08204476
0.06742704
0.05620452
0.04906138
0.0476054
0.05122048
0.05806118
0.06640029
0.07514708
0.08370685
0.09158035
0.09833043
0.10435615
0.10968657
0.11408366
0.1171892
0.11989254
0.12147881
0.11863977
0.11362424
0.11258862
0.11559513
0.12094753
0.11925314
0.11747212
0.11586793
0.11426396
0.11208065
0.11017003
0.10856619
0.10730121
0.106404
0.10589903
0.10544644
0.10529829
0.10565333
0.09977139
0.09453562
0.0900972
0.08660753
0.08420737
0.08248535
0.08176851
0.0824426
0.08447319
0.08775775
0.09214732
0.09697171
0.10259194
0.10898574
0.11597982
0.12301637
0.1305961
0.13835451
0.1455725
0.15195481
0.15870837
