###############################################
# Alcances iniciales
# Version 1
# 
###############################################
0.00526567
0.00530833
0.00535029
0.00539156
0.00543211
0.00547194
0.00551104
0.00554941
0.00558702
0.00562388
0.00565997
0.0056953
0.00572984
0.0057636
0.00579657
0.00582875
0.00586011
0.00589067
0.00592041
0.00594933
0.00597743
0.00600469
0.00603112
0.00605671
0.00608145
0.00610535
0.00612839
0.00615058
0.00617191
0.00619238
0.00621199
0.00623073
0.0062486
0.0062656
0.00628172
0.00629698
0.00631135
0.00632485
0.00633748
0.00634922
0.00636009
0.00637008
0.00637919
0.00638742
0.00639477
0.00640125
0.00640685
0.00641157
0.00641542
0.0064184
0.00642051
0.00642175
0.00642165
0.0064203
0.0064181
0.00641504
0.00641114
0.00640639
0.0064008
0.00639437
0.00638711
0.00637902
0.00637011
0.00636038
0.00634984
0.00633849
0.00632635
0.00631341
0.00629969
0.00628519
0.00626992
0.00625388
0.00623709
0.00621955
0.00620127
0.00618226
0.00616253
0.00614209
0.00612095
0.00609911
0.0060766
0.00605341
0.00602957
0.00600508
0.00597995
0.0059542
0.00592783
0.00590087
0.00587333
0.00584521
0.00581654
0.00578732
0.00575758
0.00572732
0.00569657
0.00566534
0.00563365
0.00560151
0.00556895
0.00553597
0.0055026
0.00546886
0.00543477
0.00540035
0.00536562
0.00533059
0.0052953
0.00525977
0.00522401
0.00518805
0.00515192
0.00511565
0.00507925
0.00504275
0.00500618
0.00496957
0.00493295
0.00489634
0.00485978
0.00482329
0.00478691
0.00475067
0.0047146
0.00467873
0.0046431
0.00460775
0.0045727
0.004538
0.00450368
0.00446978
0.00443633
0.00440338
0.00437096
0.00433912
0.00430788
0.0042773
0.00424742
0.00421827
0.00418989
0.00416233
0.00413563
0.00410982
0.00408495
0.00406106
0.00403819
0.00401638
0.00399566
0.00397607
0.00395766
0.00394044
0.00392447
0.00390976
0.00389636
0.00388429
0.00387358
0.00386425
0.00385632
0.00384983
0.00384478
0.00384119
0.00383907
0.00383844
0.00383844
0.00383931
0.00384167
0.00384553
0.00385089
0.00385776
0.00386611
0.00387595
0.00388726
0.00390003
0.00391425
0.00392988
0.00394693
0.00396535
0.00398514
0.00400625
0.00402867
0.00405235
0.00407728
0.00410342
0.00413073
0.00415918
0.00418874
0.00421936
0.00425102
0.00428366
0.00431727
0.00435178
0.00438718
0.00442342
0.00446045
0.00449825
0.00453678
0.00457599
0.00461584
0.00465631
0.00469735
0.00473893
0.00478101
0.00482356
0.00486653
0.00490991
0.00495364
0.0049977
0.00504205
0.00508667
0.00513152
0.00517657
0.00522179
0.00526714
0.00531261
0.00535816
0.00540377
0.0054494
0.00549503
0.00554064
0.00558619
0.00563166
0.00567704
0.00572229
0.00576739
0.00581231
0.00585705
0.00590156
0.00594584
0.00598987
0.00603361
0.00607705
0.00612018
0.00616297
0.0062054
0.00624746
0.00628913
0.00633039
0.00637122
0.00641161
0.00645154
0.006491
0.00652997
0.00656843
0.00660638
0.00664378
0.00668064
0.00671694
0.00675267
0.0067878
0.00682234
0.00685626
1.66533454e-16
0.00692222
0.00695423
0.00698558
0.00701626
0.00704626
0.00707556
0.00710417
0.00713206
0.00715923
0.00718568
0.00721138
0.00723633
0.00726053
0.00728396
0.00730662
0.00732849
0.00734958
0.00736987
0.00738936
0.00740804
0.00742591
0.00744295
0.00745916
0.00747454
0.00748908
0.00750277
0.00751561
0.0075276
0.00753872
0.00754898
0.00755837
0.00756688
0.00757452
0.00758128
0.00758715
0.00759214
0.00759623
0.00759943
0.00760173
0.00760314
0.00760324
0.00760193
0.00759972
0.0075966
0.00759258
0.00758764
0.00758179
0.00757503
0.00756735
0.00755877
0.00754927
0.00753887
0.00752755
0.00751532
0.00750218
0.00748813
0.00747318
0.00745732
0.00744055
0.00742288
0.00740431
0.00738485
0.00736448
0.00734323
0.00732108
0.00729804
0.00727413
0.00724933
0.00722365
0.0071971
0.00716968
0.0071414
0.00711225
0.00708225
0.00705139
0.00701969
0.00698715
0.00695378
0.00691957
0.00688454
0.00684869
0.00681203
0.00677456
0.00673629
0.00669724
0.00665739
0.00661677
0.00657538
0.00653323
0.00649032
0.00644666
0.00640227
0.00635715
0.00631131
0.00626475
0.0062175
0.00616955
0.00612092
0.00607162
0.00602165
0.00597104
0.00591978
0.0058679
0.00581539
0.00576229
0.00570858
0.0056543
0.00559945
0.00554404
0.00548809
0.00543162
0.00537463
0.00531714
0.00525916
0.00520072
0.00514183
0.00508249
0.00502274
0.00496259
0.00490205
0.00484115
0.0047799
0.00471832
0.00465644
0.00459427
0.00453184
0.00446916
0.00440627
0.00434319
0.00427993
0.00421654
0.00415303
0.00408944
0.00402579
0.00396212
0.00389845
0.00383483
0.00377128
0.00370785
0.00364457
0.00358149
0.00351865
0.00345609
0.00339386
0.00333202
0.00327061
0.00320969
0.00314932
0.00308957
0.00303049
0.00297217
0.00291466
0.00285805
0.00280243
0.00274787
0.00269447
0.00264231
0.00259151
0.00254216
0.00249437
0.00244826
0.00240393
0.00236151
0.00232111
0.00228287
0.0022469
0.00221332
0.00218225
0.00215382
0.00212814
0.0021053
0.00208541
0.00206856
0.0020548
0.00204422
0.00203684
0.0020327
0.00203182
0.00203182
0.00203417
0.00203974
0.00204849
0.00206036
0.00207528
0.00209316
0.00211391
0.00213743
0.00216359
0.00219227
0.00222336
0.00225672
0.00229222
0.00232975
0.00236916
0.00241034
0.00245316
0.0024975
0.00254326
0.00259031
0.00263856
0.00268791
0.00273825
0.0027895
0.00284157
0.00289438
0.00294786
0.00300192
0.0030565
0.00311153
0.00316695
0.00322271
0.00327874
0.003335
0.00339143
0.00344799
0.00350462
0.0035613
0.00361798
0.00367462
0.00373119
0.00378765
0.00384396
0.0039001
0.00395604
0.00401175
0.00406719
0.00412236
0.00417721
0.00423173
0.00428589
0.00433967
0.00439305
0.00444601
0.00449853
0.0045506
0.00460219
0.00465328
0.00470386
0.00475392
0.00480343
0.00485239
0.00490077
0.00494857
0.00499577
0.00504235
0.00508831
0.00513364
0.00517831
0.00522233
0.00526567
0.00530833
0.00535029
0.00539156
0.00543211
0.00547194
0.00551104
0.00554941
0.00558702
0.00562388
0.00565997
0.0056953
0.00572984
0.0057636
0.00579657
0.00582875
0.00586011
0.00589067
0.00592041
0.00594933
0.00597743
0.00600469
0.00603112
0.00605671
0.00608145
0.00610535
0.00612839
0.00615058
0.00617191
0.00619238
0.00621199
0.00623073
0.0062486
0.0062656
0.00628172
0.00629698
0.00631135
0.00632485
0.00633748
0.00634922
0.00636009
0.00637008
0.00637919
0.00638742
0.00639477
0.00640125
0.00640685
0.00641157
0.00641542
0.0064184
0.00642051
0.00642175
0.00642165
0.0064203
0.0064181
0.00641504
0.00641114
0.00640639
0.0064008
0.00639437
0.00638711
0.00637902
0.00637011
0.00636038
0.00634984
0.00633849
0.00632635
0.00631341
0.00629969
0.00628519
0.00626992
0.00625388
0.00623709
0.00621955
0.00620127
0.00618226
0.00616253
0.00614209
0.00612095
0.00609911
0.0060766
0.00605341
0.00602957
0.00600508
0.00597995
0.0059542
0.00592783
0.00590087
0.00587333
0.00584521
0.00581654
0.00578732
0.00575758
0.00572732
0.00569657
0.00566534
0.00563365
0.00560151
0.00556895
0.00553597
0.0055026
0.00546886
0.00543477
0.00540035
0.00536562
0.00533059
0.0052953
0.00525977
0.00522401
0.00518805
0.00515192
0.00511565
0.00507925
0.00504275
0.00500618
0.00496957
0.00493295
0.00489634
0.00485978
0.00482329
0.00478691
0.00475067
0.0047146
0.00467873
0.0046431
0.00460775
0.0045727
0.004538
0.00450368
0.00446978
0.00443633
0.00440338
0.00437096
0.00433912
0.00430788
0.0042773
0.00424742
0.00421827
0.00418989
0.00416233
0.00413563
0.00410982
0.00408495
0.00406106
0.00403819
0.00401638
0.00399566
0.00397607
0.00395766
0.00394044
0.00392447
0.00390976
0.00389636
0.00388429
0.00387358
0.00386425
0.00385632
0.00384983
0.00384478
0.00384119
0.00383907
0.00383844
0.00383844
0.00383931
0.00384167
0.00384553
0.00385089
0.00385776
0.00386611
0.00387595
0.00388726
0.00390003
0.00391425
0.00392988
0.00394693
0.00396535
0.00398514
0.00400625
0.00402867
0.00405235
0.00407728
0.00410342
0.00413073
0.00415918
0.00418874
0.00421936
0.00425102
0.00428366
0.00431727
0.00435178
0.00438718
0.00442342
0.00446045
0.00449825
0.00453678
0.00457599
0.00461584
0.00465631
0.00469735
0.00473893
0.00478101
0.00482356
0.00486653
0.00490991
0.00495364
0.0049977
0.00504205
0.00508667
0.00513152
0.00517657
0.00522179
0.00526714
0.00531261
0.00535816
0.00540377
0.0054494
0.00549503
0.00554064
0.00558619
0.00563166
0.00567704
0.00572229
0.00576739
0.00581231
0.00585705
0.00590156
0.00594584
0.00598987
0.00603361
0.00607705
0.00612018
0.00616297
0.0062054
0.00624746
0.00628913
0.00633039
0.00637122
0.00641161
0.00645154
0.006491
0.00652997
0.00656843
0.00660638
0.00664378
0.00668064
0.00671694
0.00675267
0.0067878
0.00682234
0.00685626
1.66533454e-16
0.00692222
0.00695423
0.00698558
0.00701626
0.00704626
0.00707556
0.00710417
0.00713206
0.00715923
0.00718568
0.00721138
0.00723633
0.00726053
0.00728396
0.00730662
0.00732849
0.00734958
0.00736987
0.00738936
0.00740804
0.00742591
0.00744295
0.00745916
0.00747454
0.00748908
0.00750277
0.00751561
0.0075276
0.00753872
0.00754898
0.00755837
0.00756688
0.00757452
0.00758128
0.00758715
0.00759214
0.00759623
0.00759943
0.00760173
0.00760314
0.00760324
0.00760193
0.00759972
0.0075966
0.00759258
0.00758764
0.00758179
0.00757503
0.00756735
0.00755877
0.00754927
0.00753887
0.00752755
0.00751532
0.00750218
0.00748813
0.00747318
0.00745732
0.00744055
0.00742288
0.00740431
0.00738485
0.00736448
0.00734323
0.00732108
0.00729804
0.00727413
0.00724933
0.00722365
0.0071971
0.00716968
0.0071414
0.00711225
0.00708225
0.00705139
0.00701969
0.00698715
0.00695378
0.00691957
0.00688454
0.00684869
0.00681203
0.00677456
0.00673629
0.00669724
0.00665739
0.00661677
0.00657538
0.00653323
0.00649032
0.00644666
0.00640227
0.00635715
0.00631131
0.00626475
0.0062175
0.00616955
0.00612092
0.00607162
0.00602165
0.00597104
0.00591978
0.0058679
0.00581539
0.00576229
0.00570858
0.0056543
0.00559945
0.00554404
0.00548809
0.00543162
0.00537463
0.00531714
0.00525916
0.00520072
0.00514183
0.00508249
0.00502274
0.00496259
0.00490205
0.00484115
0.0047799
0.00471832
0.00465644
0.00459427
0.00453184
0.00446916
0.00440627
0.00434319
0.00427993
0.00421654
0.00415303
0.00408944
0.00402579
0.00396212
0.00389845
0.00383483
0.00377128
0.00370785
0.00364457
0.00358149
0.00351865
0.00345609
0.00339386
0.00333202
0.00327061
0.00320969
0.00314932
0.00308957
0.00303049
0.00297217
0.00291466
0.00285805
0.00280243
0.00274787
0.00269447
0.00264231
0.00259151
0.00254216
0.00249437
0.00244826
0.00240393
0.00236151
0.00232111
0.00228287
0.0022469
0.00221332
0.00218225
0.00215382
0.00212814
0.0021053
0.00208541
0.00206856
0.0020548
0.00204422
0.00203684
0.0020327
0.00203182
0.00203182
0.00203417
0.00203974
0.00204849
0.00206036
0.00207528
0.00209316
0.00211391
0.00213743
0.00216359
0.00219227
0.00222336
0.00225672
0.00229222
0.00232975
0.00236916
0.00241034
0.00245316
0.0024975
0.00254326
0.00259031
0.00263856
0.00268791
0.00273825
0.0027895
0.00284157
0.00289438
0.00294786
0.00300192
0.0030565
0.00311153
0.00316695
0.00322271
0.00327874
0.003335
0.00339143
0.00344799
0.00350462
0.0035613
0.00361798
0.00367462
0.00373119
0.00378765
0.00384396
0.0039001
0.00395604
0.00401175
0.00406719
0.00412236
0.00417721
0.00423173
0.00428589
0.00433967
0.00439305
0.00444601
0.00449853
0.0045506
0.00460219
0.00465328
0.00470386
0.00475392
0.00480343
0.00485239
0.00490077
0.00494857
0.00499577
0.00504235
0.00508831
0.00513364
0.00517831
0.00522233
