###############################################
# Alcances iniciales
# Version 1
# 
###############################################
0.01722376
0.01750924
0.01808723
0.01892383
0.01997464
0.02119186
0.02252938
0.02394542
0.02540348
0.02687221
0.02832484
0.02973847
0.03109348
0.03237298
0.03356232
0.03464884
0.03562154
0.03647094
0.03718891
0.03776854
0.03820413
0.03849105
0.03860559
0.03842908
0.03809558
0.0376054
0.03695978
0.03616083
0.03521158
0.03411587
0.03287845
0.03150487
0.03000156
0.0283758
0.02663578
0.02479069
0.02285083
0.02082793
0.01873558
0.01659025
0.01441303
0.0122335
0.01009818
0.00809058
0.00637857
0.00529343
0.00525368
0.00525368
0.00627275
0.00793461
0.00989535
0.01197951
0.01410041
0.01621038
0.01827953
0.02028684
0.02221619
0.02405441
0.02579036
0.02741435
0.02891791
0.03029363
0.03153506
0.03263666
0.03359381
0.0344028
0.03506081
0.03556597
0.03591732
0.0361149
0.03605381
0.03580029
0.03540336
0.03486841
0.03420204
0.03341222
0.03250835
0.03150146
0.03040437
0.029232
0.02800164
0.0267334
0.02545061
0.02418039
0.022954
0.02180706
0.02077915
0.01991239
0.01924857
0.01882459
0.01866698
0.01866698
0.01878701
0.01917846
0.01981892
0.02067425
0.02170399
0.02286627
0.02412103
0.02543184
0.02676645
0.02809677
0.02939846
0.03065052
0.03183475
0.03270271
0.03189448
0.03107965
0.03025666
0.02942396
0.02858003
0.02772341
0.02685269
0.02596657
0.02506388
0.02414354
0.02320465
0.02224644
0.02126831
0.02026984
0.01925079
0.01821111
0.0171509
0.01607049
0.01497036
0.01385117
0.01271375
0.0115591
0.01038838
0.00920286
0.00800397
0.00679325
0.00557234
0.00434296
0.00310692
0.00186608
0.00062235
0.00062235
0.00186608
0.00310692
0.00434296
0.00557234
0.00679325
0.00800397
0.00920286
0.01038838
0.0115591
0.01271375
0.01385117
0.01497036
0.01607049
0.0171509
0.01821111
0.01925079
0.02026984
0.02126831
0.02224644
0.02320465
0.02414354
0.02506388
0.02596657
0.02685269
0.02772341
0.02858003
0.02942396
0.03025666
0.03107965
0.03189448
0.03270271
0.03159232
0.03038554
0.02911528
0.02780039
0.02646265
0.02512726
0.0238233
0.02258407
0.02144698
0.02045274
0.01964328
0.01905803
0.01872882
0.01867443
0.01867443
0.01889682
0.0193806
0.02009615
0.02100481
0.0220643
0.02323283
0.02447165
0.02574617
0.02702615
0.02828543
0.02950151
0.03065502
0.03172929
0.03270996
0.03358469
0.03434288
0.03497553
0.03547506
0.03583517
0.03605084
0.03603431
0.03579759
0.03540727
0.03486361
0.03416787
0.03332222
0.03232979
0.03119463
0.0299217
0.02851693
0.02698719
0.02534043
0.02358573
0.0217336
0.01979632
0.01778868
0.01572934
0.01364349
0.01156826
0.0095648
0.00774486
0.00632287
0.00565053
0.00565053
0.00600596
0.00724059
0.00898827
0.01098809
0.01310116
0.01525328
0.01740078
0.01951487
0.0215746
0.0235635
0.0254679
0.02727606
0.02897768
0.0305636
0.03202572
0.03335685
0.03455069
0.03560183
0.03650568
0.03725858
0.03785769
0.03830109
0.03858777
0.03869149
0.0385112
0.03817955
0.03770036
0.03707853
0.03632006
0.03543214
0.03442323
0.03330317
0.03208334
0.03077686
0.02939891
0.027967
0.02650152
0.02502626
0.0235691
0.02216269
0.02084496
0.01965907
0.01865212
0.01787194
0.01736135
0.01715067
0.01715067
0.0172509
0.01765073
0.01831908
0.01921188
0.0202797
0.02147379
0.02274957
0.02406807
0.02539598
0.02670509
0.02797163
0.02917547
0.03029958
0.03132947
0.03225282
0.03305921
0.03373984
0.03428743
0.03469603
0.03496097
0.03504712
0.03486479
0.03453166
0.03404866
0.03341781
0.03264222
0.03172608
0.03067477
0.02949486
0.02819428
0.02678251
0.02527078
0.0236726
0.0220043
0.02028614
0.01854384
0.01681109
0.0151333
0.01357292
0.01221532
0.01117091
0.01056215
0.01048458
0.01048458
0.01095814
0.01191606
0.01324433
0.01482821
0.01657442
0.01841335
0.02029404
0.02217865
0.02403823
0.02584992
0.02759505
0.02925805
0.03082564
0.03228637
0.03363029
0.03484875
0.03593427
0.03688046
0.03768194
0.03833431
0.03883415
0.03917899
0.03936729
0.03927295
0.03899202
0.03855799
0.03797417
0.03724486
0.03637541
0.03537229
0.0342431
0.03299674
0.03164346
0.03019514
0.0286655
0.0270705
0.02542888
0.02376289
0.02209933
0.02047081
0.01891734
0.01748781
0.01624054
0.01524118
0.01455557
0.01423663
0.01423663
0.01430879
0.01475891
0.01554041
0.01658762
0.01783093
0.0192066
0.02066068
0.02214912
0.02363641
0.0250939
0.02649825
0.02783028
0.02907406
0.03021625
0.03124566
0.03215292
0.03293024
0.03357126
0.03407093
0.03442541
0.03463207
0.03459695
0.03435552
0.03396696
0.03343426
0.03276163
0.03195453
0.03101974
0.02996553
0.0288018
0.02754036
0.02619531
0.02478346
0.02332512
0.02184501
0.02037348
0.0189481
0.0176152
0.01643088
0.01545992
0.01477055
0.01442322
0.01442322
0.01445551
0.01487035
0.01563554
0.01669488
0.01798309
0.01943711
0.02100168
0.02263065
0.02428621
0.0259374
0.02755866
0.02912866
0.03062937
0.03204537
0.03336339
0.03457195
0.03566108
0.03662222
0.03744802
0.03813226
0.03866986
0.03905673
0.03928982
0.03928729
0.03905041
0.03865721
0.03810941
0.0374097
0.03656171
0.03557004
0.03444026
0.03317898
0.03179387
0.03029379
0.02868892
0.02699097
0.02521355
0.02337268
0.02148766
0.01958238
0.01768741
0.01584334
0.0141057
0.01255139
0.01128392
0.01042809
0.01009853
0.01009853
0.01034414
0.01111569
0.01229595
0.01375615
0.01538923
0.0171159
0.01887933
0.02063846
0.02236277
0.0240288
0.02561798
0.02711517
0.02850787
0.02978556
0.03093941
0.03196201
0.03284723
0.03359014
0.0341869
0.03463479
0.03493213
0.0350738
0.03492016
0.03462003
0.03417724
0.03359683
0.03288509
0.03204974
0.03109999
0.03004676
0.02890292
0.0276836
0.02640658
0.02509286
0.02376727
0.02245919
0.02120325
0.02003977
0.01901434
0.01817601
0.01757315
0.01724695
0.01722376
0.01722376
0.01750924
0.01808723
0.01892383
0.01997464
0.02119186
0.02252938
0.02394542
0.02540348
0.02687221
0.02832484
0.02973847
0.03109348
0.03237298
0.03356232
0.03464884
0.03562154
0.03647094
0.03718891
0.03776854
0.03820413
0.03849105
0.03860559
0.03842908
0.03809558
0.0376054
0.03695978
0.03616083
0.03521158
0.03411587
0.03287845
0.03150487
0.03000156
0.0283758
0.02663578
0.02479069
0.02285083
0.02082793
0.01873558
0.01659025
0.01441303
0.0122335
0.01009818
0.00809058
0.00637857
0.00529343
0.00525368
0.00525368
0.00627275
0.00793461
0.00989535
0.01197951
0.01410041
0.01621038
0.01827953
0.02028684
0.02221619
0.02405441
0.02579036
0.02741435
0.02891791
0.03029363
0.03153506
0.03263666
0.03359381
0.0344028
0.03506081
0.03556597
0.03591732
0.0361149
0.03605381
0.03580029
0.03540336
0.03486841
0.03420204
0.03341222
0.03250835
0.03150146
0.03040437
0.029232
0.02800164
0.0267334
0.02545061
0.02418039
0.022954
0.02180706
0.02077915
0.01991239
0.01924857
0.01882459
0.01866698
0.01866698
0.01878701
0.01917846
0.01981892
0.02067425
0.02170399
0.02286627
0.02412103
0.02543184
0.02676645
0.02809677
0.02939846
0.03065052
0.03183475
0.03270271
0.03189448
0.03107965
0.03025666
0.02942396
0.02858003
0.02772341
0.02685269
0.02596657
0.02506388
0.02414354
0.02320465
0.02224644
0.02126831
0.02026984
0.01925079
0.01821111
0.0171509
0.01607049
0.01497036
0.01385117
0.01271375
0.0115591
0.01038838
0.00920286
0.00800397
0.00679325
0.00557234
0.00434296
0.00310692
0.00186608
0.00062235
0.00062235
0.00186608
0.00310692
0.00434296
0.00557234
0.00679325
0.00800397
0.00920286
0.01038838
0.0115591
0.01271375
0.01385117
0.01497036
0.01607049
0.0171509
0.01821111
0.01925079
0.02026984
0.02126831
0.02224644
0.02320465
0.02414354
0.02506388
0.02596657
0.02685269
0.02772341
0.02858003
0.02942396
0.03025666
0.03107965
0.03189448
0.03270271
0.03159232
0.03038554
0.02911528
0.02780039
0.02646265
0.02512726
0.0238233
0.02258407
0.02144698
0.02045274
0.01964328
0.01905803
0.01872882
0.01867443
0.01867443
0.01889682
0.0193806
0.02009615
0.02100481
0.0220643
0.02323283
0.02447165
0.02574617
0.02702615
0.02828543
0.02950151
0.03065502
0.03172929
0.03270996
0.03358469
0.03434288
0.03497553
0.03547506
0.03583517
0.03605084
0.03603431
0.03579759
0.03540727
0.03486361
0.03416787
0.03332222
0.03232979
0.03119463
0.0299217
0.02851693
0.02698719
0.02534043
0.02358573
0.0217336
0.01979632
0.01778868
0.01572934
0.01364349
0.01156826
0.0095648
0.00774486
0.00632287
0.00565053
0.00565053
0.00600596
0.00724059
0.00898827
0.01098809
0.01310116
0.01525328
0.01740078
0.01951487
0.0215746
0.0235635
0.0254679
0.02727606
0.02897768
0.0305636
0.03202572
0.03335685
0.03455069
0.03560183
0.03650568
0.03725858
0.03785769
0.03830109
0.03858777
0.03869149
0.0385112
0.03817955
0.03770036
0.03707853
0.03632006
0.03543214
0.03442323
0.03330317
0.03208334
0.03077686
0.02939891
0.027967
0.02650152
0.02502626
0.0235691
0.02216269
0.02084496
0.01965907
0.01865212
0.01787194
0.01736135
0.01715067
0.01715067
0.0172509
0.01765073
0.01831908
0.01921188
0.0202797
0.02147379
0.02274957
0.02406807
0.02539598
0.02670509
0.02797163
0.02917547
0.03029958
0.03132947
0.03225282
0.03305921
0.03373984
0.03428743
0.03469603
0.03496097
0.03504712
0.03486479
0.03453166
0.03404866
0.03341781
0.03264222
0.03172608
0.03067477
0.02949486
0.02819428
0.02678251
0.02527078
0.0236726
0.0220043
0.02028614
0.01854384
0.01681109
0.0151333
0.01357292
0.01221532
0.01117091
0.01056215
0.01048458
0.01048458
0.01095814
0.01191606
0.01324433
0.01482821
0.01657442
0.01841335
0.02029404
0.02217865
0.02403823
0.02584992
0.02759505
0.02925805
0.03082564
0.03228637
0.03363029
0.03484875
0.03593427
0.03688046
0.03768194
0.03833431
0.03883415
0.03917899
0.03936729
0.03927295
0.03899202
0.03855799
0.03797417
0.03724486
0.03637541
0.03537229
0.0342431
0.03299674
0.03164346
0.03019514
0.0286655
0.0270705
0.02542888
0.02376289
0.02209933
0.02047081
0.01891734
0.01748781
0.01624054
0.01524118
0.01455557
0.01423663
0.01423663
0.01430879
0.01475891
0.01554041
0.01658762
0.01783093
0.0192066
0.02066068
0.02214912
0.02363641
0.0250939
0.02649825
0.02783028
0.02907406
0.03021625
0.03124566
0.03215292
0.03293024
0.03357126
0.03407093
0.03442541
0.03463207
0.03459695
0.03435552
0.03396696
0.03343426
0.03276163
0.03195453
0.03101974
0.02996553
0.0288018
0.02754036
0.02619531
0.02478346
0.02332512
0.02184501
0.02037348
0.0189481
0.0176152
0.01643088
0.01545992
0.01477055
0.01442322
0.01442322
0.01445551
0.01487035
0.01563554
0.01669488
0.01798309
0.01943711
0.02100168
0.02263065
0.02428621
0.0259374
0.02755866
0.02912866
0.03062937
0.03204537
0.03336339
0.03457195
0.03566108
0.03662222
0.03744802
0.03813226
0.03866986
0.03905673
0.03928982
0.03928729
0.03905041
0.03865721
0.03810941
0.0374097
0.03656171
0.03557004
0.03444026
0.03317898
0.03179387
0.03029379
0.02868892
0.02699097
0.02521355
0.02337268
0.02148766
0.01958238
0.01768741
0.01584334
0.0141057
0.01255139
0.01128392
0.01042809
0.01009853
0.01009853
0.01034414
0.01111569
0.01229595
0.01375615
0.01538923
0.0171159
0.01887933
0.02063846
0.02236277
0.0240288
0.02561798
0.02711517
0.02850787
0.02978556
0.03093941
0.03196201
0.03284723
0.03359014
0.0341869
0.03463479
0.03493213
0.0350738
0.03492016
0.03462003
0.03417724
0.03359683
0.03288509
0.03204974
0.03109999
0.03004676
0.02890292
0.0276836
0.02640658
0.02509286
0.02376727
0.02245919
0.02120325
0.02003977
0.01901434
0.01817601
0.01757315
0.01724695
0.01722376
