###############################################
# Alcances iniciales
# Version 1
# 
###############################################
0.00590216
0.00593509
0.0068534
0.00835762
0.01017045
0.01212848
0.01414246
0.01616054
0.01814941
0.02008553
0.02195083
0.02373062
0.02541248
0.0269856
0.0284405
0.02976875
0.03096293
0.0320165
0.03292383
0.03368012
0.03428141
0.03472459
0.03500741
0.03508707
0.03488362
0.03451918
0.03399573
0.03331608
0.03248392
0.03150377
0.03038105
0.02912206
0.02773406
0.02622529
0.02460515
0.02288432
0.02107518
0.0191923
0.0172535
0.01528162
0.01330801
0.01137915
0.00956986
0.00800734
0.0069003
0.00651048
0.00651048
0.00696655
0.00812004
0.00970874
0.01153104
0.01346514
0.01543927
0.01740853
0.01934247
0.02121875
0.02301986
0.02473145
0.02634131
0.02783884
0.02921477
0.03046093
0.03157015
0.0325362
0.03335374
0.03401829
0.03452626
0.03487488
0.03506225
0.03494985
0.03465049
0.03419071
0.03357281
0.03279994
0.03187606
0.03080598
0.02959535
0.02825065
0.02677927
0.02518951
0.02349074
0.02169351
0.01980996
0.01785429
0.01584391
0.01380143
0.01175896
0.00976716
0.00791591
0.00637823
0.00546521
0.00546521
0.00551533
0.0065049
0.00808188
0.00994889
0.01194374
0.01398185
0.01601501
0.01801236
0.01995195
0.02181678
0.02359288
0.02526834
0.02683273
0.02827682
0.02959241
0.03077223
0.03180988
0.0326998
0.03343727
0.0340184
0.03444009
0.03470009
0.03473008
0.03449965
0.03410668
0.03355298
0.03284117
0.03197463
0.03095754
0.02979483
0.02849215
0.02705589
0.02549317
0.02381179
0.02202029
0.02012799
0.01814504
0.01608267
0.01395364
0.01177329
0.00956206
0.00735286
0.00521637
0.00337283
0.00261834
0.00261834
0.00370528
0.0056443
0.00780323
0.01001326
0.01221581
0.01438164
0.01649175
0.01853149
0.02048848
0.02235175
0.02411135
0.02575816
0.0272838
0.02868062
0.02994167
0.03106072
0.03203226
0.03285154
0.03351454
0.034018
0.03435947
0.03453725
0.034399
0.03408357
0.03360566
0.03296753
0.03217223
0.03122355
0.03012604
0.02888495
0.02750625
0.02599656
0.02436316
0.02261395
0.02075744
0.01880269
0.0167594
0.01463789
0.01244926
0.01020585
0.00792246
0.00562084
0.00335295
0.00144966
0.00144966
0.00208543
0.00423618
0.00652949
0.00882885
0.0111004
0.01332611
0.01549243
0.01758757
0.01960075
0.02152192
0.02334163
0.025051
0.02664178
0.02810628
0.0294375
0.03062904
0.03167523
0.03257108
0.03331235
0.03389553
0.0343179
0.03457752
0.03460464
0.03437225
0.03397729
0.03342183
0.03270873
0.03184168
0.03082513
0.02966434
0.02836539
0.02693513
0.02538128
0.02371244
0.0219382
0.02006934
0.01811818
0.01609924
0.0140306
0.01193665
0.00985446
0.00784941
0.00605637
0.00477444
0.00449832
0.00449832
0.00539051
0.00700751
0.00894457
0.01100813
0.01310917
0.01520078
0.01725396
0.01924828
0.0211678
0.02299932
0.02473138
0.02635388
0.02785777
0.02923491
0.03047805
0.03158076
0.0325374
0.03334316
0.033994
0.03448672
0.03481893
0.03498907
0.034841
0.03452383
0.03404666
0.03341211
0.03262366
0.03168563
0.03060322
0.0293825
0.02803048
0.02655514
0.02496555
0.02327206
0.02148655
0.01962294
0.01769808
0.01573331
0.01375735
0.01181203
0.00996349
0.00832348
0.0070803
0.00649567
0.00649567
0.0067548
0.00776993
0.00928181
0.01106714
0.01298742
0.01496162
0.01694006
0.01888968
0.02078666
0.02261261
0.02435256
0.02599386
0.0275256
0.02893822
0.0302233
0.03137344
0.03238221
0.03324406
0.03395431
0.03450918
0.03490571
0.03514182
0.03512869
0.03487955
0.0344702
0.03390281
0.03318043
0.03230699
0.03128725
0.0301269
0.02883252
0.02741165
0.02587291
0.02422608
0.02248239
0.02065488
0.01875908
0.01681423
0.01484544
0.0128878
0.01099438
0.00925145
0.00780409
0.0068766
0.00670793
0.00670793
0.00735321
0.00862152
0.01026585
0.01210968
0.01404665
0.01601275
0.01796695
0.01988078
0.021733
0.02350679
0.0251882
0.02676536
0.02822795
0.02956691
0.03077429
0.03184314
0.03276741
0.03354198
0.03416258
0.03462582
0.03492914
0.03505012
0.03486692
0.03452211
0.03401736
0.03335517
0.03253891
0.03157273
0.03046163
0.02921144
0.02782884
0.02632138
0.02469755
0.02296689
0.02114019
0.01922982
0.01725038
0.0152199
0.01316224
0.01111208
0.00912619
0.00730957
0.00587079
0.00517203
0.00517203
0.00551535
0.0067376
0.0084489
0.01038656
0.01241694
0.01447037
0.01650613
0.01849733
0.02042424
0.02227126
0.02402533
0.02567518
0.02721086
0.02862356
0.0299054
0.03104943
0.02987612
0.02504435
0.02036708
0.0159829
0.01221391
0.00979968
0.00979968
0.01221391
0.0159829
0.02036708
0.02504435
0.02987612
0.0306649
0.0294667
0.02813065
0.02666343
0.02507252
0.02336612
0.02155329
0.01964395
0.01764919
0.01558159
0.01345613
0.0112921
0.00911791
0.00698457
0.00501071
0.00354313
0.00337048
0.00337048
0.00464179
0.00655095
0.0086635
0.01083303
0.01300003
0.01513301
0.01721133
0.01921932
0.021144
0.02297402
0.02469925
0.02631045
0.02779926
0.02915807
0.03038003
0.03145902
0.03238969
0.03316745
0.03378849
0.03424975
0.034549
0.03465649
0.03446425
0.03410905
0.03359268
0.03291773
0.03208756
0.03110637
0.02997908
0.02871144
0.02730996
0.02578193
0.02413545
0.02237951
0.02052408
0.01858036
0.01656117
0.01448186
0.01236212
0.01023017
0.00813335
0.00616824
0.00457008
0.00387297
0.00387297
0.00452861
0.00610833
0.0080682
0.01016549
0.01230092
0.01442613
0.0165125
0.01854012
0.02049352
0.0223598
0.02412769
0.02578719
0.02732925
0.02874574
0.03002931
0.03117343
0.03217232
0.03302101
0.03371531
0.03425181
0.03462792
0.03484185
0.03478013
0.03450504
0.03406885
0.03347394
0.03272346
0.03182143
0.03077271
0.029583
0.02825886
0.02680779
0.02523824
0.02355979
0.0217833
0.01992132
0.01798871
0.0160038
0.01399061
0.01198335
0.01003563
0.0082403
0.00676758
0.00590216
0.00590216
0.00593509
0.0068534
0.00835762
0.01017045
0.01212848
0.01414246
0.01616054
0.01814941
0.02008553
0.02195083
0.02373062
0.02541248
0.0269856
0.0284405
0.02976875
0.03096293
0.0320165
0.03292383
0.03368012
0.03428141
0.03472459
0.03500741
0.03508707
0.03488362
0.03451918
0.03399573
0.03331608
0.03248392
0.03150377
0.03038105
0.02912206
0.02773406
0.02622529
0.02460515
0.02288432
0.02107518
0.0191923
0.0172535
0.01528162
0.01330801
0.01137915
0.00956986
0.00800734
0.0069003
0.00651048
0.00651048
0.00696655
0.00812004
0.00970874
0.01153104
0.01346514
0.01543927
0.01740853
0.01934247
0.02121875
0.02301986
0.02473145
0.02634131
0.02783884
0.02921477
0.03046093
0.03157015
0.0325362
0.03335374
0.03401829
0.03452626
0.03487488
0.03506225
0.03494985
0.03465049
0.03419071
0.03357281
0.03279994
0.03187606
0.03080598
0.02959535
0.02825065
0.02677927
0.02518951
0.02349074
0.02169351
0.01980996
0.01785429
0.01584391
0.01380143
0.01175896
0.00976716
0.00791591
0.00637823
0.00546521
0.00546521
0.00551533
0.0065049
0.00808188
0.00994889
0.01194374
0.01398185
0.01601501
0.01801236
0.01995195
0.02181678
0.02359288
0.02526834
0.02683273
0.02827682
0.02959241
0.03077223
0.03180988
0.0326998
0.03343727
0.0340184
0.03444009
0.03470009
0.03473008
0.03449965
0.03410668
0.03355298
0.03284117
0.03197463
0.03095754
0.02979483
0.02849215
0.02705589
0.02549317
0.02381179
0.02202029
0.02012799
0.01814504
0.01608267
0.01395364
0.01177329
0.00956206
0.00735286
0.00521637
0.00337283
0.00261834
0.00261834
0.00370528
0.0056443
0.00780323
0.01001326
0.01221581
0.01438164
0.01649175
0.01853149
0.02048848
0.02235175
0.02411135
0.02575816
0.0272838
0.02868062
0.02994167
0.03106072
0.03203226
0.03285154
0.03351454
0.034018
0.03435947
0.03453725
0.034399
0.03408357
0.03360566
0.03296753
0.03217223
0.03122355
0.03012604
0.02888495
0.02750625
0.02599656
0.02436316
0.02261395
0.02075744
0.01880269
0.0167594
0.01463789
0.01244926
0.01020585
0.00792246
0.00562084
0.00335295
0.00144966
0.00144966
0.00208543
0.00423618
0.00652949
0.00882885
0.0111004
0.01332611
0.01549243
0.01758757
0.01960075
0.02152192
0.02334163
0.025051
0.02664178
0.02810628
0.0294375
0.03062904
0.03167523
0.03257108
0.03331235
0.03389553
0.0343179
0.03457752
0.03460464
0.03437225
0.03397729
0.03342183
0.03270873
0.03184168
0.03082513
0.02966434
0.02836539
0.02693513
0.02538128
0.02371244
0.0219382
0.02006934
0.01811818
0.01609924
0.0140306
0.01193665
0.00985446
0.00784941
0.00605637
0.00477444
0.00449832
0.00449832
0.00539051
0.00700751
0.00894457
0.01100813
0.01310917
0.01520078
0.01725396
0.01924828
0.0211678
0.02299932
0.02473138
0.02635388
0.02785777
0.02923491
0.03047805
0.03158076
0.0325374
0.03334316
0.033994
0.03448672
0.03481893
0.03498907
0.034841
0.03452383
0.03404666
0.03341211
0.03262366
0.03168563
0.03060322
0.0293825
0.02803048
0.02655514
0.02496555
0.02327206
0.02148655
0.01962294
0.01769808
0.01573331
0.01375735
0.01181203
0.00996349
0.00832348
0.0070803
0.00649567
0.00649567
0.0067548
0.00776993
0.00928181
0.01106714
0.01298742
0.01496162
0.01694006
0.01888968
0.02078666
0.02261261
0.02435256
0.02599386
0.0275256
0.02893822
0.0302233
0.03137344
0.03238221
0.03324406
0.03395431
0.03450918
0.03490571
0.03514182
0.03512869
0.03487955
0.0344702
0.03390281
0.03318043
0.03230699
0.03128725
0.0301269
0.02883252
0.02741165
0.02587291
0.02422608
0.02248239
0.02065488
0.01875908
0.01681423
0.01484544
0.0128878
0.01099438
0.00925145
0.00780409
0.0068766
0.00670793
0.00670793
0.00735321
0.00862152
0.01026585
0.01210968
0.01404665
0.01601275
0.01796695
0.01988078
0.021733
0.02350679
0.0251882
0.02676536
0.02822795
0.02956691
0.03077429
0.03184314
0.03276741
0.03354198
0.03416258
0.03462582
0.03492914
0.03505012
0.03486692
0.03452211
0.03401736
0.03335517
0.03253891
0.03157273
0.03046163
0.02921144
0.02782884
0.02632138
0.02469755
0.02296689
0.02114019
0.01922982
0.01725038
0.0152199
0.01316224
0.01111208
0.00912619
0.00730957
0.00587079
0.00517203
0.00517203
0.00551535
0.0067376
0.0084489
0.01038656
0.01241694
0.01447037
0.01650613
0.01849733
0.02042424
0.02227126
0.02402533
0.02567518
0.02721086
0.02862356
0.0299054
0.03104943
0.02987612
0.02504435
0.02036708
0.0159829
0.01221391
0.00979968
0.00979968
0.01221391
0.0159829
0.02036708
0.02504435
0.02987612
0.0306649
0.0294667
0.02813065
0.02666343
0.02507252
0.02336612
0.02155329
0.01964395
0.01764919
0.01558159
0.01345613
0.0112921
0.00911791
0.00698457
0.00501071
0.00354313
0.00337048
0.00337048
0.00464179
0.00655095
0.0086635
0.01083303
0.01300003
0.01513301
0.01721133
0.01921932
0.021144
0.02297402
0.02469925
0.02631045
0.02779926
0.02915807
0.03038003
0.03145902
0.03238969
0.03316745
0.03378849
0.03424975
0.034549
0.03465649
0.03446425
0.03410905
0.03359268
0.03291773
0.03208756
0.03110637
0.02997908
0.02871144
0.02730996
0.02578193
0.02413545
0.02237951
0.02052408
0.01858036
0.01656117
0.01448186
0.01236212
0.01023017
0.00813335
0.00616824
0.00457008
0.00387297
0.00387297
0.00452861
0.00610833
0.0080682
0.01016549
0.01230092
0.01442613
0.0165125
0.01854012
0.02049352
0.0223598
0.02412769
0.02578719
0.02732925
0.02874574
0.03002931
0.03117343
0.03217232
0.03302101
0.03371531
0.03425181
0.03462792
0.03484185
0.03478013
0.03450504
0.03406885
0.03347394
0.03272346
0.03182143
0.03077271
0.029583
0.02825886
0.02680779
0.02523824
0.02355979
0.0217833
0.01992132
0.01798871
0.0160038
0.01399061
0.01198335
0.01003563
0.0082403
0.00676758
0.00590216
