###############################################
# Alcances iniciales
# Version 1
# 
###############################################
0.02079855
0.02148097
0.02211057
0.02268566
0.0232047
0.02366634
0.02406939
0.02441282
0.02469579
0.02491762
0.02507781
0.02517601
0.02518602
0.02509806
0.02494855
0.02473807
0.02446736
0.02413735
0.02374917
0.02330413
0.02280376
0.02224979
0.02164415
0.02098905
0.0202869
0.01954043
0.01875267
0.01792701
0.01706728
0.01617784
0.01526369
0.01433071
0.01338589
0.01243772
0.01149673
0.01057627
0.00969352
0.00887078
0.00813666
0.00752654
0.00708044
0.00683647
0.00681997
0.00681997
0.00703374
0.00745702
0.00805392
0.00878465
0.00961307
0.01050949
0.01145063
0.01241853
0.0133992
0.01438164
0.015357
0.01631798
0.01725846
0.01817323
0.01905773
0.01990796
0.02072036
0.02149176
0.00878984
0.00878984
0.02353259
0.02411398
0.02464261
0.02511684
0.02553521
0.02589647
0.02619955
0.02644361
0.02662795
0.02675211
0.02681579
0.0267615
0.02664391
0.0264666
0.02623025
0.02593573
0.02558412
0.02517671
0.024715
0.02420072
0.02363582
0.0230225
0.02236325
0.0216608
0.02091825
0.02013904
0.01932701
0.01848653
0.01762251
0.01674062
0.01584737
0.01495039
0.01405868
0.01318301
0.01233628
0.01153404
0.01079483
0.01014029
0.00959454
0.00918245
0.00892644
0.00884218
0.00884218
0.0089348
0.00919751
0.00961331
0.01015901
0.01080939
0.01154031
0.01233029
0.01316101
0.01401717
0.01488606
0.01575712
0.01662151
0.01747176
0.01830148
0.01910514
0.01987792
0.02061559
0.01404887
6.10622664e-16
0.01404887
0.02314595
0.02365928
0.02412028
0.02452708
0.02487805
0.02517177
0.02540704
0.02558286
0.02569844
0.02574663
0.0256786
0.02554903
0.02535807
0.02510602
0.02479338
0.02442081
0.02398916
0.02349942
0.02295278
0.02235056
0.02169427
0.02098557
0.02022628
0.01941839
0.01856405
0.01766558
0.01672549
0.01574649
0.01473149
0.01368371
0.01260669
0.01150444
0.01038166
0.00924409
0.00809925
0.00695776
0.00583632
0.00476424
0.00379872
0.00305657
0.00273615
0.00273615
0.00298018
0.00367623
0.00461964
0.0056819
0.0067997
0.00794098
0.0090878
0.01022886
0.01135634
0.01246428
0.01354785
0.01460297
0.01562603
0.01661377
0.01756322
0.01847165
0.01933651
0.01388739
0.00462949
0.00462949
0.01388739
0.022931
0.02349097
0.02399438
0.02444006
0.02482696
0.02515422
0.02542115
0.02562723
0.02577211
0.02585564
0.0258389
0.02573923
0.0255794
0.0253602
0.02508261
0.02474782
0.02435723
0.02391246
0.02341538
0.02286809
0.02227296
0.02163266
0.02095018
0.02022886
0.01947246
0.01868522
0.01787196
0.01703818
0.01619021
0.01533544
0.01448253
0.01364172
0.01282524
0.01204761
0.01132605
0.01068046
0.01013308
0.00970706
0.00942401
0.00930053
0.00930053
0.00934475
0.00955444
0.00991758
0.01041516
0.01102476
0.01172366
0.01249077
0.01330754
0.01415813
0.01502915
0.01590937
0.01678933
0.01766097
0.01851741
0.01935267
0.02016156
0.02093948
0.02168237
0.0198681
3.88578059e-16
0.0198681
0.02423689
0.02475749
0.02522637
0.02564173
0.02600198
0.02630576
0.02655193
0.02673955
0.02686789
0.02693642
0.02689287
0.02678072
0.02660858
0.0263769
0.02608633
0.02573768
0.02533199
0.0248705
0.02435462
0.02378601
0.02316651
0.02249822
0.02178344
0.02102478
0.0202251
0.0193876
0.01851585
0.01761389
0.01668627
0.01573824
0.01477593
0.01380657
0.01283894
0.01188382
0.01095471
0.01006875
0.00924775
0.00851907
0.00791561
0.00747349
0.00722614
0.00719519
0.00719519
0.00738267
0.00777006
0.00832507
0.00901098
0.00979348
0.01064364
0.0115383
0.01245928
0.01339231
0.01432605
0.01525136
0.01616072
0.01704784
0.01790737
0.01873467
0.01952568
0.01388739
0.00462949
0.00462949
0.01388739
0.02282377
0.02333397
0.02378959
0.02418903
0.02453093
0.02481409
0.02503753
0.02520047
0.02530229
0.02532113
0.02523786
0.02509292
0.02488662
0.02461944
0.02429207
0.02390534
0.02346029
0.02295812
0.02240021
0.02178814
0.02112364
0.02040868
0.01964538
0.01883611
0.01798346
0.01709028
0.01615975
0.0151954
0.01420122
0.01318185
0.01214275
0.01109062
0.01003397
0.00898411
0.00795686
0.00697539
0.00607483
0.00530857
0.00475239
0.00449245
0.00449245
0.00458318
0.00500571
0.00568387
0.00653381
0.00749109
0.00851229
0.00956899
0.01064212
0.01171836
0.0127879
0.0138432
0.0148782
0.01588781
0.0168677
0.01781405
0.01872345
0.01959285
0.02041944
0.01404887
1.31011021e-15
0.01404887
0.02325014
0.02382878
0.02435241
0.02481967
0.02522937
0.02558048
0.02587218
0.02610381
0.0262749
0.02638515
0.02642294
0.02635083
0.02621861
0.02602693
0.02577667
0.02546888
0.02510484
0.02468606
0.02421424
0.02369134
0.02311959
0.02250146
0.02183975
0.02113755
0.02039837
0.0196261
0.01882516
0.01800054
0.01715794
0.01630391
0.01544608
0.01459336
0.01375625
0.01294717
0.01218081
0.01147432
0.01084728
0.01032111
0.00991762
0.00965649
0.00955209
0.00955209
0.00961056
0.00982834
0.01019305
0.01068611
0.01128596
0.01197089
0.01272069
0.01351749
0.01434594
0.01519301
0.0160477
0.01690069
0.01774403
0.01857089
0.01937535
0.02015224
0.020897
0.0216056
0.00878984
0.00878984
0.02348037
0.02401202
0.024493
0.02492127
0.02529505
0.0256128
0.02587316
0.02607503
0.02621748
0.0262998
0.02628212
0.02618165
0.02602009
0.02579766
0.02551476
0.02517199
0.0247701
0.02431003
0.02379287
0.02321991
0.0225926
0.02191253
0.02118152
0.0204015
0.01957461
0.01870318
0.01778971
0.01683693
0.01584783
0.01482566
0.01377405
0.01269712
0.01159965
0.0104874
0.00936766
0.00825024
0.00714929
0.00608684
0.00509991
0.00425332
0.00365564
0.0034446
0.0034446
0.00368788
0.00430605
0.00516051
0.00614625
0.00720124
0.00829005
0.00939149
0.01049188
0.01158172
0.01265389
0.01370277
0.0147237
0.01571265
0.01666609
0.01758084
0.018454
0.01928292
0.02006518
0.02079855
0.02148097
0.02211057
0.02268566
0.0232047
0.02366634
0.02406939
0.02441282
0.02469579
0.02491762
0.02507781
0.02517601
0.02518602
0.02509806
0.02494855
0.02473807
0.02446736
0.02413735
0.02374917
0.02330413
0.02280376
0.02224979
0.02164415
0.02098905
0.0202869
0.01954043
0.01875267
0.01792701
0.01706728
0.01617784
0.01526369
0.01433071
0.01338589
0.01243772
0.01149673
0.01057627
0.00969352
0.00887078
0.00813666
0.00752654
0.00708044
0.00683647
0.00681997
0.00681997
0.00703374
0.00745702
0.00805392
0.00878465
0.00961307
0.01050949
0.01145063
0.01241853
0.0133992
0.01438164
0.015357
0.01631798
0.01725846
0.01817323
0.01905773
0.01990796
0.02072036
0.02149176
0.00878984
0.00878984
0.02353259
0.02411398
0.02464261
0.02511684
0.02553521
0.02589647
0.02619955
0.02644361
0.02662795
0.02675211
0.02681579
0.0267615
0.02664391
0.0264666
0.02623025
0.02593573
0.02558412
0.02517671
0.024715
0.02420072
0.02363582
0.0230225
0.02236325
0.0216608
0.02091825
0.02013904
0.01932701
0.01848653
0.01762251
0.01674062
0.01584737
0.01495039
0.01405868
0.01318301
0.01233628
0.01153404
0.01079483
0.01014029
0.00959454
0.00918245
0.00892644
0.00884218
0.00884218
0.0089348
0.00919751
0.00961331
0.01015901
0.01080939
0.01154031
0.01233029
0.01316101
0.01401717
0.01488606
0.01575712
0.01662151
0.01747176
0.01830148
0.01910514
0.01987792
0.02061559
0.01404887
1.31011021e-15
0.01404887
0.02314595
0.02365928
0.02412028
0.02452708
0.02487805
0.02517177
0.02540704
0.02558286
0.02569844
0.02574663
0.0256786
0.02554903
0.02535807
0.02510602
0.02479338
0.02442081
0.02398916
0.02349942
0.02295278
0.02235056
0.02169427
0.02098557
0.02022628
0.01941839
0.01856405
0.01766558
0.01672549
0.01574649
0.01473149
0.01368371
0.01260669
0.01150444
0.01038166
0.00924409
0.00809925
0.00695776
0.00583632
0.00476424
0.00379872
0.00305657
0.00273615
0.00273615
0.00298018
0.00367623
0.00461964
0.0056819
0.0067997
0.00794098
0.0090878
0.01022886
0.01135634
0.01246428
0.01354785
0.01460297
0.01562603
0.01661377
0.01756322
0.01847165
0.01933651
0.01388739
0.00462949
0.00462949
0.01388739
0.022931
0.02349097
0.02399438
0.02444006
0.02482696
0.02515422
0.02542115
0.02562723
0.02577211
0.02585564
0.0258389
0.02573923
0.0255794
0.0253602
0.02508261
0.02474782
0.02435723
0.02391246
0.02341538
0.02286809
0.02227296
0.02163266
0.02095018
0.02022886
0.01947246
0.01868522
0.01787196
0.01703818
0.01619021
0.01533544
0.01448253
0.01364172
0.01282524
0.01204761
0.01132605
0.01068046
0.01013308
0.00970706
0.00942401
0.00930053
0.00930053
0.00934475
0.00955444
0.00991758
0.01041516
0.01102476
0.01172366
0.01249077
0.01330754
0.01415813
0.01502915
0.01590937
0.01678933
0.01766097
0.01851741
0.01935267
0.02016156
0.02093948
0.02168237
0.0198681
3.88578059e-16
0.0198681
0.02423689
0.02475749
0.02522637
0.02564173
0.02600198
0.02630576
0.02655193
0.02673955
0.02686789
0.02693642
0.02689287
0.02678072
0.02660858
0.0263769
0.02608633
0.02573768
0.02533199
0.0248705
0.02435462
0.02378601
0.02316651
0.02249822
0.02178344
0.02102478
0.0202251
0.0193876
0.01851585
0.01761389
0.01668627
0.01573824
0.01477593
0.01380657
0.01283894
0.01188382
0.01095471
0.01006875
0.00924775
0.00851907
0.00791561
0.00747349
0.00722614
0.00719519
0.00719519
0.00738267
0.00777006
0.00832507
0.00901098
0.00979348
0.01064364
0.0115383
0.01245928
0.01339231
0.01432605
0.01525136
0.01616072
0.01704784
0.01790737
0.01873467
0.01952568
0.01388739
0.00462949
0.00462949
0.01388739
0.02282377
0.02333397
0.02378959
0.02418903
0.02453093
0.02481409
0.02503753
0.02520047
0.02530229
0.02532113
0.02523786
0.02509292
0.02488662
0.02461944
0.02429207
0.02390534
0.02346029
0.02295812
0.02240021
0.02178814
0.02112364
0.02040868
0.01964538
0.01883611
0.01798346
0.01709028
0.01615975
0.0151954
0.01420122
0.01318185
0.01214275
0.01109062
0.01003397
0.00898411
0.00795686
0.00697539
0.00607483
0.00530857
0.00475239
0.00449245
0.00449245
0.00458318
0.00500571
0.00568387
0.00653381
0.00749109
0.00851229
0.00956899
0.01064212
0.01171836
0.0127879
0.0138432
0.0148782
0.01588781
0.0168677
0.01781405
0.01872345
0.01959285
0.02041944
0.01404887
6.10622664e-16
0.01404887
0.02325014
0.02382878
0.02435241
0.02481967
0.02522937
0.02558048
0.02587218
0.02610381
0.0262749
0.02638515
0.02642294
0.02635083
0.02621861
0.02602693
0.02577667
0.02546888
0.02510484
0.02468606
0.02421424
0.02369134
0.02311959
0.02250146
0.02183975
0.02113755
0.02039837
0.0196261
0.01882516
0.01800054
0.01715794
0.01630391
0.01544608
0.01459336
0.01375625
0.01294717
0.01218081
0.01147432
0.01084728
0.01032111
0.00991762
0.00965649
0.00955209
0.00955209
0.00961056
0.00982834
0.01019305
0.01068611
0.01128596
0.01197089
0.01272069
0.01351749
0.01434594
0.01519301
0.0160477
0.01690069
0.01774403
0.01857089
0.01937535
0.02015224
0.020897
0.0216056
0.00878984
0.00878984
0.02348037
0.02401202
0.024493
0.02492127
0.02529505
0.0256128
0.02587316
0.02607503
0.02621748
0.0262998
0.02628212
0.02618165
0.02602009
0.02579766
0.02551476
0.02517199
0.0247701
0.02431003
0.02379287
0.02321991
0.0225926
0.02191253
0.02118152
0.0204015
0.01957461
0.01870318
0.01778971
0.01683693
0.01584783
0.01482566
0.01377405
0.01269712
0.01159965
0.0104874
0.00936766
0.00825024
0.00714929
0.00608684
0.00509991
0.00425332
0.00365564
0.0034446
0.0034446
0.00368788
0.00430605
0.00516051
0.00614625
0.00720124
0.00829005
0.00939149
0.01049188
0.01158172
0.01265389
0.01370277
0.0147237
0.01571265
0.01666609
0.01758084
0.018454
0.01928292
0.02006518
