###############################################
# Alcances iniciales
# Version 1
# 
###############################################
0.13744901
0.12958275
0.1218318
0.11423848
0.10731759
0.10106708
0.09507698
0.09018362
0.08657843
0.0843143
0.08288635
0.08309596
0.08492888
0.08827981
0.09257868
0.09777431
0.10401196
0.1111071
0.11882807
0.12661597
0.13491742
0.14363283
0.15248784
0.16130698
0.15408222
0.14612807
0.13816281
0.13027188
0.1225564
0.1151365
0.10815439
0.10177635
0.09619135
0.09160367
0.08821617
0.08620359
0.08568073
0.08667672
0.08912772
0.09289194
0.09777918
0.10358191
0.11009868
0.10561998
0.10815439
0.10177635
0.09619135
0.09160367
0.08821617
0.08620359
0.08568073
0.08667672
0.08912772
0.09289194
0.09777918
0.10358191
0.11009868
0.11714717
0.12456907
0.13222992
0.1392368
0.13651339
0.13377293
0.13101543
0.12824088
0.12544926
0.12264057
0.11981482
0.11689989
0.1139588
0.11100082
0.10802629
0.10503554
0.10202892
0.09900681
0.09596956
0.09291756
0.08985121
0.08677089
0.08367702
0.08057001
0.07745029
0.07431829
0.07117446
0.06801924
0.0648531
0.06167649
0.0584899
0.0552938
0.05208868
0.04887504
0.04565338
0.04242419
0.03918801
0.03594533
0.03269669
0.02944261
0.02609989
0.02292028
0.02433179
0.03048694
0.03916507
0.04898005
0.0592955
0.06980842
0.07508766
0.07535964
0.0647592
0.05427161
0.04411459
0.034719
0.02702523
0.02292028
0.02433179
0.02776791
0.03103548
0.03427457
0.03750552
0.04072765
0.04394028
0.0471428
0.05033458
0.05351505
0.05668365
0.05983986
0.06298319
0.06611316
0.06922935
0.07233134
0.07541877
0.0784913
0.08154861
0.08459041
0.08761645
0.09062651
0.09362037
0.09659787
0.09918594
0.09440316
0.08993108
0.08582543
0.08214774
0.0789637
0.07634024
0.07434098
0.0728367
0.07177176
0.07146074
0.07191462
0.0731193
0.07503773
0.07747224
0.08014353
0.08339684
0.08716517
0.09114538
0.09141172
0.08622661
0.08222759
0.07964408
0.07865033
0.07932366
0.08162343
0.08540323
0.09044875
0.0965211
0.10338935
0.10047029
0.10438357
0.09754001
0.09141172
0.08622661
0.08222759
0.07964408
0.07865033
0.07932366
0.08162343
0.08540323
0.09044875
0.0965211
0.10338935
0.11084795
0.11872207
0.12686638
0.1351609
0.14350635
0.15181993
0.16003181
0.16808239
0.17592021
0.18350034
0.19078322
0.19773373
0.20432057
0.21051569
0.21501733
0.20714521
0.19950622
0.19224926
0.18543074
0.17911199
0.17325085
0.16783
0.1631086
0.15915739
0.15604242
0.1538083
0.15217792
0.15151505
0.15183445
0.15313073
0.15500824
0.148583
0.14017178
0.13174284
0.12338251
0.11519495
0.10730698
0.09987322
0.09308048
0.08714861
0.08232287
0.07885191
0.07694858
0.07674149
0.07823859
0.08132406
0.08579073
0.09138847
0.09786607
0.10341592
0.10116096
0.09987322
0.09308048
0.08714861
0.08232287
0.07885191
0.07694858
0.07674149
0.07823859
0.08132406
0.08579073
0.09138847
0.09786607
0.10499607
0.11258429
0.12046987
0.12852108
0.13663003
0.14470771
0.15267987
0.16048379
0.16806584
0.17537959
0.17915218
0.17497093
0.17072295
0.16644603
0.16213921
0.15780155
0.15343222
0.14903043
0.14459549
0.14012679
0.13562383
0.13108622
0.12651368
0.12190602
0.11726322
0.11258536
0.10787264
0.10312542
0.09834418
0.09352952
0.08868221
0.08380311
0.07889324
0.07395373
0.06898586
0.063991
0.05897066
0.05392643
0.04886004
0.04353753
0.03816167
0.0349131
0.03539015
0.03946039
0.04615625
0.05447127
0.06371411
0.07346539
0.07977855
0.08071107
0.07083656
0.06125287
0.05224616
0.04429156
0.03816167
0.0349131
0.03539015
0.03946039
0.04490191
0.05013347
0.05534847
0.06048737
0.0654768
0.07045422
0.0754188
0.08007615
0.07723477
0.07499722
0.0731193
0.07191462
0.07146074
0.07177176
0.0728367
0.07462112
0.07707199
0.08012429
0.08370767
0.08775185
0.09219048
0.09696318
0.10201651
0.10730391
0.11278528
0.1184263
0.12419763
0.13007417
0.13598971
0.14194971
0.14796617
0.15402507
0.15957097
0.16321791
0.15632175
0.14863514
0.14092988
0.1332902
0.12581513
0.11862124
0.11184524
0.10564528
0.10019931
0.09569825
0.09233143
0.09026387
0.08960918
0.09040669
0.09261284
0.09611095
0.10073463
0.10629484
0.112602
0.10784151
0.11184524
0.10564528
0.10019931
0.09569825
0.09233143
0.09026387
0.08960918
0.09040669
0.09261284
0.09611095
0.10073463
0.10629484
0.112602
0.11948002
0.12677267
0.13434503
0.14208197
0.14988569
0.15031828
0.14162154
0.13292298
0.12467489
0.11698234
0.10935628
0.10242037
0.09639735
0.09147482
0.08729937
0.0843143
0.08288635
0.08309596
0.08487261
0.08743575
0.09140569
0.0966025
0.10283235
0.10937823
0.1164803
0.12420031
0.13234202
0.14029308
0.13880081
0.13217502
0.12550201
0.11878398
0.11202317
0.10522186
0.0981991
0.0911055
0.08396025
0.07585668
0.06743448
0.05992995
0.0538073
0.04963979
0.04797299
0.04906722
0.05272986
0.05843848
0.06560436
0.07373614
0.08247318
0.08326444
0.08485951
0.07585668
0.06743448
0.05992995
0.0538073
0.04963979
0.04797299
0.04906722
0.05272986
0.05843848
0.06560436
0.07373614
0.08194597
0.08908232
0.09603054
0.10280025
0.10950026
0.11612707
0.12267742
0.1291483
0.13553696
0.14184091
0.14805791
0.15418602
0.16022354
0.16616905
0.1720214
0.1777797
0.18344334
0.18901193
0.19448535
0.19872825
0.19282764
0.18681684
0.18069652
0.17446764
0.16813147
0.16168955
0.15514377
0.1484963
0.14174961
0.1349065
0.12797004
0.1209436
0.11383085
0.1066357
0.09927909
0.09048803
0.08169239
0.07334862
0.06573686
0.05923996
0.05434562
0.05157814
0.0513231
0.05362974
0.05818345
0.06447956
0.0720171
0.08039089
0.08841745
0.08734421
0.08169239
0.07334862
0.06573686
0.05923996
0.05434562
0.05157814
0.0513231
0.05362974
0.05818345
0.06447956
0.0720171
0.08039089
0.08930094
0.09844138
0.10607352
0.11347116
0.12076758
0.12801346
0.13520602
0.13744901
0.12958275
0.1218318
0.11423848
0.10731759
0.10106708
0.09507698
0.09018362
0.08657843
0.0843143
0.08288635
0.08309596
0.08492888
0.08827981
0.09257868
0.09777431
0.10401196
0.1111071
0.11882807
0.12661597
0.13491742
0.14363283
0.15248784
0.16130698
0.15408222
0.14612807
0.13816281
0.13027188
0.1225564
0.1151365
0.10815439
0.10177635
0.09619135
0.09160367
0.08821617
0.08620359
0.08568073
0.08667672
0.08912772
0.09289194
0.09777918
0.10358191
0.11009868
0.10561998
0.10815439
0.10177635
0.09619135
0.09160367
0.08821617
0.08620359
0.08568073
0.08667672
0.08912772
0.09289194
0.09777918
0.10358191
0.11009868
0.11714717
0.12456907
0.13222992
0.1392368
0.13651339
0.13377293
0.13101543
0.12824088
0.12544926
0.12264057
0.11981482
0.11689989
0.1139588
0.11100082
0.10802629
0.10503554
0.10202892
0.09900681
0.09596956
0.09291756
0.08985121
0.08677089
0.08367702
0.08057001
0.07745029
0.07431829
0.07117446
0.06801924
0.0648531
0.06167649
0.0584899
0.0552938
0.05208868
0.04887504
0.04565338
0.04242419
0.03918801
0.03594533
0.03269669
0.02944261
0.02609989
0.02292028
0.02433179
0.03048694
0.03916507
0.04898005
0.0592955
0.06980842
0.07508766
0.07535964
0.0647592
0.05427161
0.04411459
0.034719
0.02702523
0.02292028
0.02433179
0.02776791
0.03103548
0.03427457
0.03750552
0.04072765
0.04394028
0.0471428
0.05033458
0.05351505
0.05668365
0.05983986
0.06298319
0.06611316
0.06922935
0.07233134
0.07541877
0.0784913
0.08154861
0.08459041
0.08761645
0.09062651
0.09362037
0.09659787
0.09918594
0.09440316
0.08993108
0.08582543
0.08214774
0.0789637
0.07634024
0.07434098
0.0728367
0.07177176
0.07146074
0.07191462
0.0731193
0.07503773
0.07747224
0.08014353
0.08339684
0.08716517
0.09114538
0.09141172
0.08622661
0.08222759
0.07964408
0.07865033
0.07932366
0.08162343
0.08540323
0.09044875
0.0965211
0.10338935
0.10047029
0.10438357
0.09754001
0.09141172
0.08622661
0.08222759
0.07964408
0.07865033
0.07932366
0.08162343
0.08540323
0.09044875
0.0965211
0.10338935
0.11084795
0.11872207
0.12686638
0.1351609
0.14350635
0.15181993
0.16003181
0.16808239
0.17592021
0.18350034
0.19078322
0.19773373
0.20432057
0.21051569
0.21501733
0.20714521
0.19950622
0.19224926
0.18543074
0.17911199
0.17325085
0.16783
0.1631086
0.15915739
0.15604242
0.1538083
0.15217792
0.15151505
0.15183445
0.15313073
0.15500824
0.148583
0.14017178
0.13174284
0.12338251
0.11519495
0.10730698
0.09987322
0.09308048
0.08714861
0.08232287
0.07885191
0.07694858
0.07674149
0.07823859
0.08132406
0.08579073
0.09138847
0.09786607
0.10341592
0.10116096
0.09987322
0.09308048
0.08714861
0.08232287
0.07885191
0.07694858
0.07674149
0.07823859
0.08132406
0.08579073
0.09138847
0.09786607
0.10499607
0.11258429
0.12046987
0.12852108
0.13663003
0.14470771
0.15267987
0.16048379
0.16806584
0.17537959
0.17915218
0.17497093
0.17072295
0.16644603
0.16213921
0.15780155
0.15343222
0.14903043
0.14459549
0.14012679
0.13562383
0.13108622
0.12651368
0.12190602
0.11726322
0.11258536
0.10787264
0.10312542
0.09834418
0.09352952
0.08868221
0.08380311
0.07889324
0.07395373
0.06898586
0.063991
0.05897066
0.05392643
0.04886004
0.04353753
0.03816167
0.0349131
0.03539015
0.03946039
0.04615625
0.05447127
0.06371411
0.07346539
0.07977855
0.08071107
0.07083656
0.06125287
0.05224616
0.04429156
0.03816167
0.0349131
0.03539015
0.03946039
0.04490191
0.05013347
0.05534847
0.06048737
0.0654768
0.07045422
0.0754188
0.08007615
0.07723477
0.07499722
0.0731193
0.07191462
0.07146074
0.07177176
0.0728367
0.07462112
0.07707199
0.08012429
0.08370767
0.08775185
0.09219048
0.09696318
0.10201651
0.10730391
0.11278528
0.1184263
0.12419763
0.13007417
0.13598971
0.14194971
0.14796617
0.15402507
0.15957097
0.16321791
0.15632175
0.14863514
0.14092988
0.1332902
0.12581513
0.11862124
0.11184524
0.10564528
0.10019931
0.09569825
0.09233143
0.09026387
0.08960918
0.09040669
0.09261284
0.09611095
0.10073463
0.10629484
0.112602
0.10784151
0.11184524
0.10564528
0.10019931
0.09569825
0.09233143
0.09026387
0.08960918
0.09040669
0.09261284
0.09611095
0.10073463
0.10629484
0.112602
0.11948002
0.12677267
0.13434503
0.14208197
0.14988569
0.15031828
0.14162154
0.13292298
0.12467489
0.11698234
0.10935628
0.10242037
0.09639735
0.09147482
0.08729937
0.0843143
0.08288635
0.08309596
0.08487261
0.08743575
0.09140569
0.0966025
0.10283235
0.10937823
0.1164803
0.12420031
0.13234202
0.14029308
0.13880081
0.13217502
0.12550201
0.11878398
0.11202317
0.10522186
0.0981991
0.0911055
0.08396025
0.07585668
0.06743448
0.05992995
0.0538073
0.04963979
0.04797299
0.04906722
0.05272986
0.05843848
0.06560436
0.07373614
0.08247318
0.08326444
0.08485951
0.07585668
0.06743448
0.05992995
0.0538073
0.04963979
0.04797299
0.04906722
0.05272986
0.05843848
0.06560436
0.07373614
0.08194597
0.08908232
0.09603054
0.10280025
0.10950026
0.11612707
0.12267742
0.1291483
0.13553696
0.14184091
0.14805791
0.15418602
0.16022354
0.16616905
0.1720214
0.1777797
0.18344334
0.18901193
0.19448535
0.19872825
0.19282764
0.18681684
0.18069652
0.17446764
0.16813147
0.16168955
0.15518565
0.1484963
0.14174961
0.1349065
0.12797004
0.1209436
0.11383085
0.1066357
0.09927909
0.09048803
0.08169239
0.07334862
0.06573686
0.05923996
0.05434562
0.05157814
0.0513231
0.05362974
0.05818345
0.06447956
0.0720171
0.08039089
0.08841745
0.08734421
0.08169239
0.07334862
0.06573686
0.05923996
0.05434562
0.05157814
0.0513231
0.05362974
0.05818345
0.06447956
0.0720171
0.08039089
0.08930094
0.09844138
0.10607352
0.11347116
0.12076758
0.12801346
0.13520602
