###############################################
# Alcances iniciales
# Version 1
# 
###############################################
0.02405777
0.02425751
0.02447496
0.02470953
0.02490634
0.02491839
0.02495287
0.02500972
0.02508877
0.0251898
0.02531252
0.02545656
0.02562151
0.02754682
0.02601221
0.02623688
0.02648029
0.02674184
0.02702085
0.02731665
0.02762856
0.02795586
0.02829786
0.02865385
0.02902313
0.029405
0.02979876
0.03020375
0.03061929
0.03104474
0.03147946
0.03192284
0.03237427
0.03283318
0.033299
0.03377118
0.0342492
0.03473255
0.03522075
0.03571331
0.03620979
0.03670974
0.03721274
0.03771839
0.0382263
0.03873609
0.03924739
0.03975987
0.04027317
0.04078698
0.04130098
0.04181488
0.04232839
0.04284122
0.0433531
0.04386378
0.044373
0.04488052
0.0453861
0.04588952
0.04639056
0.04688901
0.04738466
0.04787731
0.04836676
0.04885284
0.04933536
0.04981414
0.05028902
0.05075983
0.05122641
0.0516886
0.05214626
0.05259922
0.05304737
0.05349055
0.05392862
0.05436147
0.05478896
0.05521097
0.05562738
0.05603807
0.05644292
0.05684184
0.05723471
0.05762143
0.05800189
0.05828629
0.05853949
0.05878568
0.05902482
0.05925685
0.05948172
0.05969939
0.0599098
0.06011293
0.06030872
0.06049714
0.06067815
0.06085171
0.0610178
0.06117638
0.06132741
0.06147088
0.06160676
0.06173503
0.06185565
0.06196862
0.06207391
0.0621715
0.0622614
0.06234357
0.06241801
0.06248471
0.06254367
0.06259488
0.06263833
0.06267403
0.06270197
0.06272217
0.06273461
0.06273931
0.06273628
0.06272553
0.06270706
0.0626809
0.06264705
0.06260554
0.06259488
0.06263833
0.06267403
0.06270197
0.06272217
0.06273461
0.06273931
0.06273628
0.06272553
0.06270706
0.0626809
0.06264705
0.06260554
0.06255638
0.0624996
0.06243521
0.06236325
0.06228375
0.06219672
0.0621022
0.06200023
0.06189084
0.06177406
0.06164994
0.06151852
0.06137983
0.06123393
0.06108087
0.06092068
0.06075342
0.06057915
0.06039792
0.06020979
0.06001482
0.05981307
0.0596046
0.05938949
0.05916779
0.05893959
0.05870495
0.05846396
0.05821668
0.0579632
0.05770361
0.05740408
0.0570361
0.05666344
0.05628625
0.05590468
0.05551887
0.05512899
0.0547352
0.05433765
0.05393653
0.053532
0.05312425
0.05271346
0.05229982
0.05188351
0.05146475
0.05104373
0.05062066
0.05019576
0.04976925
0.04934136
0.04891231
0.04848236
0.04805174
0.0476207
0.04718952
0.04675844
0.04632774
0.04589771
0.04546863
0.04504079
0.0446145
0.04419007
0.04376781
0.04334805
0.04293112
0.04251736
0.04210713
0.04170077
0.04129865
0.04090115
0.04050864
0.04012151
0.03974015
0.03936495
0.03899633
0.0386347
0.03828047
0.03793406
0.03759589
0.03726638
0.03694598
0.03663509
0.03633416
0.03604359
0.03576382
0.03549526
0.03523832
0.03499339
0.03476088
0.03454116
0.03433459
0.03414152
0.0339623
0.03379722
0.03364658
0.03351065
0.03338967
0.03328386
0.03308516
0.03284107
0.03260796
0.03238619
0.03217612
0.03197811
0.03179248
0.03161955
0.03145962
0.03131297
0.03117986
0.03106053
0.03095519
0.03100324
0.03111423
0.03123876
0.03137654
0.0315273
0.03169072
0.0318665
0.03205429
0.03225373
0.03246447
0.03268613
0.03291832
0.03316066
0.03333218
0.03344429
0.03357109
0.0337123
0.03386765
0.0340368
0.03421943
0.03441517
0.03462365
0.03484449
0.03507729
0.03532163
0.03557711
0.0358433
0.03611976
0.03640607
0.03670179
0.03700648
0.03731971
0.03764104
0.03797003
0.03830627
0.03864932
0.03899877
0.0393542
0.0397152
0.04008138
0.04045233
0.04082768
0.04120704
0.04159004
0.04197633
0.04236553
0.04275732
0.04315135
0.04354728
0.0439448
0.04434359
0.04474335
0.04514378
0.04554458
0.04594548
0.0463462
0.04674647
0.04714604
0.04754464
0.04794203
0.04833797
0.04873222
0.04912457
0.04951479
0.04990266
0.05028797
0.05067053
0.05105012
0.05142658
0.05179969
0.05216929
0.05253519
0.05289723
0.05325523
0.05360904
0.0539585
0.05428269
0.05452857
0.05476849
0.05500238
0.05523014
0.05545169
0.05566697
0.05587587
0.05607834
0.0562743
0.05646368
0.05664641
0.05682243
0.05699168
0.05715409
0.05730961
0.05745818
0.05759975
0.05773427
0.05786168
0.05798195
0.05809503
0.05820088
0.05829945
0.05839071
0.05847463
0.05855116
0.05862028
0.05868197
0.05873618
0.05878291
0.05882211
0.05885378
0.0588779
0.05889444
0.05890339
0.05890475
0.05889849
0.05888461
0.0588631
0.05883396
0.05879718
0.05875277
0.05878291
0.05882211
0.05885378
0.0588779
0.05889444
0.05890339
0.05890475
0.05889849
0.05888461
0.0588631
0.05883396
0.05879718
0.05875277
0.05870072
0.05864103
0.05857373
0.05849879
0.05841625
0.05832611
0.05822838
0.05812307
0.05801021
0.05788981
0.05776189
0.05762649
0.05748361
0.05733329
0.05717555
0.05701044
0.05683797
0.05665819
0.05647114
0.05627685
0.05607536
0.05586672
0.05565097
0.05542816
0.05519835
0.05496158
0.05468333
0.05432139
0.05395327
0.05357907
0.05319889
0.05281286
0.05242108
0.05202367
0.05162076
0.05121247
0.05079893
0.05038028
0.04995666
0.0495282
0.04909506
0.04865739
0.04821534
0.04776908
0.04731878
0.0468646
0.04640674
0.04594537
0.04548068
0.04501288
0.04454216
0.04406874
0.04359285
0.0431147
0.04263453
0.04215259
0.04166912
0.04118441
0.0406987
0.0402123
0.03972548
0.03923856
0.03875186
0.0382657
0.03778042
0.03729638
0.03681396
0.03633353
0.03585549
0.03538027
0.03490828
0.03443999
0.03397586
0.03351638
0.03306204
0.03261337
0.0321709
0.03173521
0.03130687
0.03088647
0.03047464
0.030072
0.02967921
0.02929694
0.02892587
0.0285667
0.02822012
0.02788686
0.02756763
0.02726316
0.02697416
0.02670134
0.02644541
0.02620704
0.0259869
0.02578562
0.02560381
0.02544202
0.02530077
0.02518052
0.02508168
0.0250046
0.02494955
0.02491675
0.02490634
0.02467497
0.02444532
0.02423229
0.02403649
0.02385849
0.02369884
0.02356999
0.02371353
0.02387628
0.02405777
0.02425751
0.02447496
0.02470953
0.02490634
0.02491839
0.02495287
0.02500972
0.02508877
0.0251898
0.02531252
0.02545656
0.02562151
0.0258069
0.02601221
0.02623688
0.02648029
0.02674184
0.02702085
0.02731665
0.02762856
0.02795586
0.02829786
0.02865385
0.02902313
0.029405
0.02979876
0.03020375
0.03061929
0.03104474
0.03147946
0.03192284
0.03237427
0.03283318
0.033299
0.03377118
0.0342492
0.03473255
0.03522075
0.03571331
0.03620979
0.03670974
0.03721274
0.03771839
0.0382263
0.03873609
0.03924739
0.03975987
0.04027317
0.04078698
0.04130098
0.04181488
0.04232839
0.04284122
0.0433531
0.04386378
0.044373
0.04488052
0.0453861
0.04588952
0.04639056
0.04688901
0.04738466
0.04787731
0.04836676
0.04885284
0.04933536
0.04981414
0.05028902
0.05075983
0.05122641
0.0516886
0.05214626
0.05259922
0.05304737
0.05349055
0.05392862
0.05436147
0.05478896
0.05521097
0.05562738
0.05603807
0.05644292
0.05684184
0.05723471
0.05762143
0.05800189
0.05828629
0.05853949
0.05878568
0.05902482
0.05925685
0.05948172
0.05969939
0.0599098
0.06011293
0.06030872
0.06049714
0.06067815
0.06085171
0.0610178
0.06117638
0.06132741
0.06147088
0.06160676
0.06173503
0.06185565
0.06196862
0.06207391
0.0621715
0.0622614
0.06234357
0.06241801
0.06248471
0.06254367
0.06259488
0.06263833
0.06267403
0.06270197
0.06272217
0.06273461
0.06273931
0.06273628
0.06272553
0.06270706
0.0626809
0.06264705
0.06260554
0.06259488
0.06263833
0.06267403
0.06270197
0.06272217
0.06273461
0.06273931
0.06273628
0.06272553
0.06270706
0.0626809
0.06264705
0.06260554
0.06255638
0.0624996
0.06243521
0.06236325
0.06228375
0.06219672
0.0621022
0.06200023
0.06189084
0.06177406
0.06164994
0.06151852
0.06137983
0.06123393
0.06108087
0.06092068
0.06075342
0.06057915
0.06039792
0.06020979
0.06001482
0.05981307
0.0596046
0.05938949
0.05916779
0.05893959
0.05870495
0.05846396
0.05821668
0.0579632
0.05770361
0.05740408
0.0570361
0.05666344
0.05628625
0.05590468
0.05551887
0.05512899
0.0547352
0.05433765
0.05393653
0.053532
0.05312425
0.05271346
0.05229982
0.05188351
0.05146475
0.05104373
0.05062066
0.05019576
0.04976925
0.04934136
0.04891231
0.04848236
0.04805174
0.0476207
0.04718952
0.04675844
0.04632774
0.04589771
0.04546863
0.04504079
0.0446145
0.04419007
0.04376781
0.04334805
0.04293112
0.04251736
0.04210713
0.04170077
0.04129865
0.04090115
0.04050864
0.04012151
0.03974015
0.03936495
0.03899633
0.0386347
0.03828047
0.03793406
0.03759589
0.03726638
0.03694598
0.03663509
0.03633416
0.03604359
0.03576382
0.03549526
0.03523832
0.03499339
0.03476088
0.03454116
0.03433459
0.03414152
0.0339623
0.03379722
0.03364658
0.03351065
0.03338967
0.03328386
0.03308516
0.03284107
0.03260796
0.03238619
0.03217612
0.03197811
0.03179248
0.03161955
0.03145962
0.03131297
0.03117986
0.03106053
0.03095519
0.03100324
0.03111423
0.03123876
0.03137654
0.0315273
0.03169072
0.0318665
0.03205429
0.03225373
0.03246447
0.03268613
0.03291832
0.03316066
0.03333218
0.03344429
0.03357109
0.0337123
0.03386765
0.0340368
0.03421943
0.03441517
0.03462365
0.03484449
0.03507729
0.03532163
0.03557711
0.0358433
0.03611976
0.03640607
0.03670179
0.03700648
0.03731971
0.03764104
0.03797003
0.03830627
0.03864932
0.03899877
0.0393542
0.0397152
0.04008138
0.04045233
0.04082768
0.04120704
0.04159004
0.04197633
0.04236553
0.04275732
0.04315135
0.04354728
0.0439448
0.04434359
0.04474335
0.04514378
0.04554458
0.04594548
0.0463462
0.04674647
0.04714604
0.04754464
0.04794203
0.04833797
0.04873222
0.04912457
0.04951479
0.04990266
0.05028797
0.05067053
0.05105012
0.05142658
0.05179969
0.05216929
0.05253519
0.05289723
0.05325523
0.05360904
0.0539585
0.05428269
0.05452857
0.05476849
0.05500238
0.05523014
0.05545169
0.05566697
0.05587587
0.05607834
0.0562743
0.05646368
0.05664641
0.05682243
0.05699168
0.05715409
0.05730961
0.05745818
0.05759975
0.05773427
0.05786168
0.05798195
0.05809503
0.05820088
0.05829945
0.05839071
0.05847463
0.05855116
0.05862028
0.05868197
0.05873618
0.05878291
0.05882211
0.05885378
0.0588779
0.05889444
0.05890339
0.05890475
0.05889849
0.05888461
0.0588631
0.05883396
0.05879718
0.05875277
0.05878291
0.05882211
0.05885378
0.0588779
0.05889444
0.05890339
0.05890475
0.05889849
0.05888461
0.0588631
0.05883396
0.05879718
0.05875277
0.05870072
0.05864103
0.05857373
0.05849879
0.05841625
0.05832611
0.05822838
0.05812307
0.05801021
0.05788981
0.05776189
0.05762649
0.05748361
0.05733329
0.05717555
0.05701044
0.05683797
0.05665819
0.05647114
0.05627685
0.05607536
0.05586672
0.05565097
0.05542816
0.05519835
0.05496158
0.05468333
0.05432139
0.05395327
0.05357907
0.05319889
0.05281286
0.05242108
0.05202367
0.05162076
0.05121247
0.05079893
0.05038028
0.04995666
0.0495282
0.04909506
0.04865739
0.04821534
0.04776908
0.04731878
0.0468646
0.04640674
0.04594537
0.04548068
0.04501288
0.04454216
0.04406874
0.04359285
0.0431147
0.04263453
0.04215259
0.04166912
0.04118441
0.0406987
0.0402123
0.03972548
0.03923856
0.03875186
0.0382657
0.03778042
0.03729638
0.03681396
0.03633353
0.03585549
0.03538027
0.03490828
0.03443999
0.03397586
0.03351638
0.03306204
0.03261337
0.0321709
0.03173521
0.03130687
0.03088647
0.03047464
0.030072
0.02967921
0.02929694
0.02892587
0.0285667
0.02822012
0.02788686
0.02756763
0.02726316
0.02697416
0.02670134
0.02644541
0.02620704
0.0259869
0.02578562
0.02560381
0.02544202
0.02530077
0.02636604
0.02508168
0.0250046
0.02494955
0.02491675
0.02490634
0.02467497
0.02444532
0.02423229
0.02403649
0.02385849
0.02369884
0.02356999
0.02371353
0.02387628
