###############################################
# Alcances iniciales
# Version 1
# 
###############################################
0.02392731
0.0241553
0.02440057
0.0244484
0.02446841
0.0245113
0.02457698
0.02466526
0.0247759
0.02490858
0.0250629
0.02523843
0.02543466
0.02736328
0.02588698
0.02614185
0.02641498
0.0267057
0.0270133
0.02733707
0.02767628
0.02803021
0.02839813
0.02877933
0.02917308
0.0295787
0.02999549
0.03042277
0.03085989
0.03130622
0.03176111
0.03222398
0.03269425
0.03317133
0.03365469
0.03414381
0.03463817
0.03513729
0.0356407
0.03614794
0.03665858
0.0371722
0.03768839
0.03820678
0.03872697
0.03924862
0.03977138
0.04029492
0.04081892
0.04134306
0.04186705
0.04239061
0.04291345
0.04343531
0.04395594
0.04447508
0.04499249
0.04550795
0.04602123
0.0465321
0.04704037
0.04754582
0.04804827
0.04854751
0.04904337
0.04953567
0.05002422
0.05050888
0.05098946
0.05146581
0.05193778
0.05240521
0.05286796
0.0533259
0.05377888
0.05422676
0.05466942
0.05510674
0.05553858
0.05596483
0.05638538
0.0568001
0.0572089
0.05761166
0.05800827
0.05839865
0.05878269
0.05905174
0.05930728
0.05955577
0.05979715
0.06003138
0.0602584
0.06047818
0.06069066
0.06089581
0.06109358
0.06128394
0.06146685
0.06164227
0.06181018
0.06197054
0.06212332
0.0622685
0.06240606
0.06253596
0.06265819
0.06277273
0.06287956
0.06297866
0.06307003
0.06315364
0.0632295
0.06329758
0.06335788
0.06341041
0.06345515
0.06349211
0.06352128
0.06354267
0.06355628
0.06356213
0.06356021
0.06355053
0.06353312
0.06350798
0.06347513
0.06343458
0.06341041
0.06345515
0.06349211
0.06352128
0.06354267
0.06355628
0.06356213
0.06356021
0.06355053
0.06353312
0.06350798
0.06347513
0.06343458
0.06338636
0.06333049
0.06326699
0.06319588
0.0631172
0.06303096
0.06293721
0.06283597
0.06272728
0.06261118
0.0624877
0.06235689
0.06221879
0.06207344
0.06192088
0.06176118
0.06159437
0.06142052
0.06123967
0.06105189
0.06085723
0.06065576
0.06044753
0.06023262
0.06001108
0.059783
0.05954845
0.05930749
0.05906021
0.05880669
0.058547
0.05828124
0.05793542
0.05756161
0.05718317
0.05680026
0.05641302
0.05602162
0.0556262
0.05522693
0.05482397
0.0544175
0.05400769
0.05359471
0.05317876
0.05276001
0.05233867
0.05191493
0.051489
0.05106108
0.05063139
0.05020016
0.04976759
0.04933394
0.04889943
0.04846431
0.04802883
0.04759325
0.04715783
0.04672284
0.04628857
0.04585529
0.0454233
0.04499289
0.04456438
0.04413808
0.0437143
0.04329339
0.04287567
0.04246149
0.0420512
0.04164517
0.04124376
0.04084734
0.04045629
0.040071
0.03969187
0.03931929
0.03895367
0.03859542
0.03824495
0.03790267
0.03756901
0.03724438
0.03692921
0.03662391
0.03632891
0.03604461
0.03577143
0.03550976
0.03526001
0.03502255
0.03479776
0.03458601
0.03438763
0.03420295
0.03403228
0.03387592
0.03373411
0.03360712
0.03349514
0.03334371
0.03309529
0.03285774
0.03263144
0.03241673
0.03221397
0.03202347
0.03184554
0.03168049
0.03152859
0.0313901
0.03126525
0.03115426
0.03110933
0.03121283
0.03132977
0.03145989
0.03160291
0.03175853
0.03192643
0.03210629
0.03229775
0.03250046
0.03271404
0.03293812
0.03317231
0.03341621
0.03355446
0.03367314
0.03380614
0.03395319
0.03411397
0.03428815
0.03447537
0.03467528
0.03488749
0.03511162
0.03534725
0.03559397
0.03585136
0.036119
0.03639646
0.0366833
0.03697909
0.03728341
0.0375958
0.03791585
0.03824313
0.03857721
0.03891767
0.03926411
0.03961611
0.03997328
0.04033522
0.04070154
0.04107186
0.04144582
0.04182305
0.0422032
0.04258591
0.04297085
0.04335768
0.0437461
0.04413577
0.04452639
0.04491766
0.0453093
0.04570101
0.04609253
0.04648358
0.0468739
0.04726324
0.04765134
0.04803798
0.04842291
0.04880591
0.04918675
0.04956522
0.04994111
0.05031422
0.05068435
0.0510513
0.05141489
0.05177493
0.05213125
0.05248368
0.05283205
0.0531762
0.0534962
0.05373858
0.05397508
0.0542056
0.05443007
0.0546484
0.0548605
0.05506629
0.05526571
0.05545867
0.0556451
0.05582494
0.05599811
0.05616456
0.05632422
0.05647704
0.05662295
0.05676191
0.05689385
0.05701873
0.05713651
0.05724713
0.05735056
0.05744675
0.05753566
0.05761726
0.05769151
0.05775839
0.05781785
0.05786988
0.05791445
0.05795152
0.05798109
0.05800313
0.05801762
0.05802455
0.0580239
0.05801567
0.05799984
0.0579764
0.05794536
0.0579067
0.05786988
0.05791445
0.05795152
0.05798109
0.05800313
0.05801762
0.05802455
0.0580239
0.05801567
0.05799984
0.0579764
0.05794536
0.0579067
0.05786042
0.05780654
0.05774503
0.05767593
0.05759922
0.05751491
0.05742303
0.05732357
0.05721657
0.05710202
0.05697995
0.05685038
0.05671334
0.05656885
0.05641693
0.05625761
0.05609093
0.05591692
0.0557356
0.05554703
0.05535124
0.05514827
0.05493816
0.05472096
0.05449672
0.05426549
0.05401437
0.05365752
0.05329442
0.05292515
0.05254984
0.05216859
0.05178151
0.05138872
0.05099033
0.05058649
0.0501773
0.04976291
0.04934345
0.04891907
0.0484899
0.0480561
0.04761782
0.04717524
0.0467285
0.04627779
0.04582327
0.04536515
0.04490359
0.04443881
0.04397101
0.04350039
0.04302717
0.04255159
0.04207387
0.04159427
0.04111302
0.04063041
0.04014669
0.03966215
0.03917709
0.03869181
0.03820663
0.03772188
0.03723791
0.03675507
0.03627374
0.03579431
0.03531717
0.03484276
0.0343715
0.03390386
0.0334403
0.03298133
0.03252744
0.03207919
0.03163711
0.03120178
0.03077379
0.03035375
0.02994231
0.0295401
0.02914781
0.02876611
0.02839571
0.02803734
0.02769171
0.02735958
0.02704167
0.02673875
0.02645155
0.02618081
0.02592726
0.02569162
0.02547456
0.02527674
0.02509879
0.02494128
0.02480476
0.02468968
0.02459649
0.02452551
0.02447705
0.0244513
0.02443635
0.02419276
0.02396547
0.02375513
0.02356235
0.02338775
0.02323187
0.02319961
0.02335283
0.02352552
0.02371719
0.02392731
0.0241553
0.02440057
0.0244484
0.02446841
0.0245113
0.02457698
0.02466526
0.0247759
0.02490858
0.0250629
0.02523843
0.02543466
0.02565104
0.02588698
0.02614185
0.02641498
0.0267057
0.0270133
0.02733707
0.02767628
0.02803021
0.02839813
0.02877933
0.02917308
0.0295787
0.02999549
0.03042277
0.03085989
0.03130622
0.03176111
0.03222398
0.03269425
0.03317133
0.03365469
0.03414381
0.03463817
0.03513729
0.0356407
0.03614794
0.03665858
0.0371722
0.03768839
0.03820678
0.03872697
0.03924862
0.03977138
0.04029492
0.04081892
0.04134306
0.04186705
0.04239061
0.04291345
0.04343531
0.04395594
0.04447508
0.04499249
0.04550795
0.04602123
0.0465321
0.04704037
0.04754582
0.04804827
0.04854751
0.04904337
0.04953567
0.05002422
0.05050888
0.05098946
0.05146581
0.05193778
0.05240521
0.05286796
0.0533259
0.05377888
0.05422676
0.05466942
0.05510674
0.05553858
0.05596483
0.05638538
0.0568001
0.0572089
0.05761166
0.05800827
0.05839865
0.05878269
0.05905174
0.05930728
0.05955577
0.05979715
0.06003138
0.0602584
0.06047818
0.06069066
0.06089581
0.06109358
0.06128394
0.06146685
0.06164227
0.06181018
0.06197054
0.06212332
0.0622685
0.06240606
0.06253596
0.06265819
0.06277273
0.06287956
0.06297866
0.06307003
0.06315364
0.0632295
0.06329758
0.06335788
0.06341041
0.06345515
0.06349211
0.06352128
0.06354267
0.06355628
0.06356213
0.06356021
0.06355053
0.06353312
0.06350798
0.06347513
0.06343458
0.06341041
0.06345515
0.06349211
0.06352128
0.06354267
0.06355628
0.06356213
0.06356021
0.06355053
0.06353312
0.06350798
0.06347513
0.06343458
0.06338636
0.06333049
0.06326699
0.06319588
0.0631172
0.06303096
0.06293721
0.06283597
0.06272728
0.06261118
0.0624877
0.06235689
0.06221879
0.06207344
0.06192088
0.06176118
0.06159437
0.06142052
0.06123967
0.06105189
0.06085723
0.06065576
0.06044753
0.06023262
0.06001108
0.059783
0.05954845
0.05930749
0.05906021
0.05880669
0.058547
0.05828124
0.05793542
0.05756161
0.05718317
0.05680026
0.05641302
0.05602162
0.0556262
0.05522693
0.05482397
0.0544175
0.05400769
0.05359471
0.05317876
0.05276001
0.05233867
0.05191493
0.051489
0.05106108
0.05063139
0.05020016
0.04976759
0.04933394
0.04889943
0.04846431
0.04802883
0.04759325
0.04715783
0.04672284
0.04628857
0.04585529
0.0454233
0.04499289
0.04456438
0.04413808
0.0437143
0.04329339
0.04287567
0.04246149
0.0420512
0.04164517
0.04124376
0.04084734
0.04045629
0.040071
0.03969187
0.03931929
0.03895367
0.03859542
0.03824495
0.03790267
0.03756901
0.03724438
0.03692921
0.03662391
0.03632891
0.03604461
0.03577143
0.03550976
0.03526001
0.03502255
0.03479776
0.03458601
0.03438763
0.03420295
0.03403228
0.03387592
0.03373411
0.03360712
0.03349514
0.03334371
0.03309529
0.03285774
0.03263144
0.03241673
0.03221397
0.03202347
0.03184554
0.03168049
0.03152859
0.0313901
0.03126525
0.03115426
0.03110933
0.03121283
0.03132977
0.03145989
0.03160291
0.03175853
0.03192643
0.03210629
0.03229775
0.03250046
0.03271404
0.03293812
0.03317231
0.03341621
0.03355446
0.03367314
0.03380614
0.03395319
0.03411397
0.03428815
0.03447537
0.03467528
0.03488749
0.03511162
0.03534725
0.03559397
0.03585136
0.036119
0.03639646
0.0366833
0.03697909
0.03728341
0.0375958
0.03791585
0.03824313
0.03857721
0.03891767
0.03926411
0.03961611
0.03997328
0.04033522
0.04070154
0.04107186
0.04144582
0.04182305
0.0422032
0.04258591
0.04297085
0.04335768
0.0437461
0.04413577
0.04452639
0.04491766
0.0453093
0.04570101
0.04609253
0.04648358
0.0468739
0.04726324
0.04765134
0.04803798
0.04842291
0.04880591
0.04918675
0.04956522
0.04994111
0.05031422
0.05068435
0.0510513
0.05141489
0.05177493
0.05213125
0.05248368
0.05283205
0.0531762
0.0534962
0.05373858
0.05397508
0.0542056
0.05443007
0.0546484
0.0548605
0.05506629
0.05526571
0.05545867
0.0556451
0.05582494
0.05599811
0.05616456
0.05632422
0.05647704
0.05662295
0.05676191
0.05689385
0.05701873
0.05713651
0.05724713
0.05735056
0.05744675
0.05753566
0.05761726
0.05769151
0.05775839
0.05781785
0.05786988
0.05791445
0.05795152
0.05798109
0.05800313
0.05801762
0.05802455
0.0580239
0.05801567
0.05799984
0.0579764
0.05794536
0.0579067
0.05786988
0.05791445
0.05795152
0.05798109
0.05800313
0.05801762
0.05802455
0.0580239
0.05801567
0.05799984
0.0579764
0.05794536
0.0579067
0.05786042
0.05780654
0.05774503
0.05767593
0.05759922
0.05751491
0.05742303
0.05732357
0.05721657
0.05710202
0.05697995
0.05685038
0.05671334
0.05656885
0.05641693
0.05625761
0.05609093
0.05591692
0.0557356
0.05554703
0.05535124
0.05514827
0.05493816
0.05472096
0.05449672
0.05426549
0.05401437
0.05365752
0.05329442
0.05292515
0.05254984
0.05216859
0.05178151
0.05138872
0.05099033
0.05058649
0.0501773
0.04976291
0.04934345
0.04891907
0.0484899
0.0480561
0.04761782
0.04717524
0.0467285
0.04627779
0.04582327
0.04536515
0.04490359
0.04443881
0.04397101
0.04350039
0.04302717
0.04255159
0.04207387
0.04159427
0.04111302
0.04063041
0.04014669
0.03966215
0.03917709
0.03869181
0.03820663
0.03772188
0.03723791
0.03675507
0.03627374
0.03579431
0.03531717
0.03484276
0.0343715
0.03390386
0.0334403
0.03298133
0.03252744
0.03207919
0.03163711
0.03120178
0.03077379
0.03035375
0.02994231
0.0295401
0.02914781
0.02876611
0.02839571
0.02803734
0.02769171
0.02735958
0.02704167
0.02673875
0.02645155
0.02618081
0.02592726
0.02569162
0.02547456
0.02527674
0.02509879
0.02494128
0.02480476
0.02468968
0.02556015
0.02452551
0.02447705
0.0244513
0.02443635
0.02419276
0.02396547
0.02375513
0.02356235
0.02338775
0.02323187
0.02319961
0.02335283
0.02352552
0.02371719
