###############################################
# Alcances iniciales
# Version 1
# 
###############################################
0.10681503
0.11279312
0.11817517
0.12280452
0.12596049
0.12885421
0.13036212
0.13161433
0.13137115
0.13173425
0.1303755
0.12897884
0.12744559
0.12474894
0.12205358
0.11936701
0.11661873
0.11298003
0.10941096
0.10593892
0.10259398
0.09940887
0.09641893
0.0936617
0.09071053
0.08804743
0.0858145
0.0840609
0.08282907
0.08215142
0.08204736
0.08252148
0.08137764
0.07296487
0.0660535
0.06005116
0.05680439
0.05617674
0.05785853
0.06174874
0.06745943
0.07394725
0.08089433
0.08814537
0.09535864
0.10223892
0.10900596
0.11575221
0.12172363
0.12783659
0.13319204
0.1316331
0.13264104
0.13699041
0.14435459
0.1542229
0.16092509
0.16442231
0.16765237
0.17065243
0.17340476
0.17589384
0.16724636
0.15023548
0.13420093
0.11971908
0.10788175
0.09891399
0.09524755
0.09524755
0.10149777
0.11027226
0.12317464
0.13720885
0.15325477
0.15113626
0.13406314
0.11758871
0.10214287
0.08840568
0.07634988
0.06787541
0.06269108
0.06199651
0.06503554
0.07051908
0.0771234
0.08433499
0.09152419
0.0980842
0.10399291
0.10917179
0.11361488
0.11737347
0.1198276
0.12153513
0.1159604
0.10525826
0.09824325
0.09579799
0.09824102
0.10512738
0.11549683
0.11392712
0.11113328
0.1083935
0.10588709
0.10364253
0.10168738
0.09966539
0.09777765
0.09632788
0.09534445
0.0948475
0.0948475
0.09534445
0.09632788
0.09777765
0.09966539
0.10195643
0.10461174
0.1075899
0.1108487
0.10332699
0.09033916
0.07949628
0.07012135
0.06441637
0.06199651
0.06307377
0.06735753
0.0738025
0.08150477
0.08984023
0.09843164
0.10688752
0.11468278
0.12238051
0.1297066
0.13622906
0.1426795
0.14819549
0.15351371
0.15546762
0.15244621
0.15140583
0.14171409
0.12685667
0.11280122
0.09965368
0.08963897
0.08341139
0.08185373
0.08652525
0.09519065
0.10828889
0.12347501
0.14049954
0.15879972
0.15990577
0.15462148
0.14916257
0.14353194
0.13773304
0.13176985
0.12502913
0.11313886
0.10144755
0.09023711
0.07990232
0.07065208
0.06310621
0.0580394
0.05617674
0.05682693
0.05419572
0.05466202
0.06340113
0.07579336
0.08121341
0.08602034
0.09004285
0.093209
0.09552239
0.09705117
0.09792488
0.09310421
0.07612827
0.0622584
0.05419572
0.05466202
0.06212571
0.06958069
0.07685735
0.08399674
0.08356308
0.08252148
0.08204736
0.08215142
0.08282907
0.0840609
0.0858145
0.08804743
0.09071053
0.0937512
0.09711611
0.10075326
0.10461341
0.1086508
0.10838304
0.1067671
0.10514326
0.10351189
0.10187343
0.1002284
0.0936166
0.07805593
0.06424907
0.05394057
0.04847599
0.04860515
0.05351899
0.06146745
0.07095791
0.08108569
0.0818968
0.08022838
0.07856263
0.07690005
0.07524103
0.07358589
0.07193482
0.06780587
0.05843354
0.05096224
0.04746009
0.05016791
0.05901083
0.06048383
0.05885858
0.05723399
0.05560918
0.05398318
0.05235497
0.05072349
0.04908765
0.04744635
0.0457985
0.04414303
0.04247892
0.04080518
0.03912093
0.03742534
0.0357177
0.03399739
0.03226392
0.03051694
0.0287562
0.02698162
0.02519325
0.02339126
0.02157601
0.01974795
0.01790769
0.01605597
0.01419363
0.01354021
0.03082207
0.04324161
0.04640662
0.04946481
0.05202819
0.0538235
0.05473677
0.05477594
0.05406245
0.05284561
0.05153228
0.04066369
0.02047486
0.01354021
0.01543792
0.0173218
0.01919059
0.0210432
0.02287873
0.02469644
0.0264958
0.02827644
0.03003824
0.03178122
0.03350565
0.03521197
0.03690079
0.03857293
0.04022936
0.04187119
0.04349968
0.0451162
0.04672221
0.04831925
0.04990891
0.0514928
0.05307254
0.05464971
0.05622586
0.05780246
0.0593809
0.05129088
0.03453324
0.02220528
0.02075025
0.02928727
0.04148928
0.05425577
0.06675654
0.0738308
0.07547243
0.07712118
0.07877653
0.08043782
0.08210428
0.08377501
0.08544904
0.08712531
0.08880272
0.09048012
0.09215636
0.0938303
0.09550078
0.09716674
0.09882712
0.10048096
0.10212737
0.10376555
0.10539482
0.10701459
0.10862441
0.11022391
0.11181289
0.11339124
0.11495897
0.11651621
0.11806321
0.11434609
0.10961276
0.10466066
0.09949614
0.09412657
0.0885602
0.08280622
0.0768747
0.07077651
0.06452334
0.05812761
0.05160241
0.0469144
0.05177341
0.06439953
0.08113249
0.09974738
0.11914299
0.13874301
0.13848255
0.13745748
0.11846522
0.09955509
0.08128716
0.06473084
0.0520554
0.0469144
0.05148246
0.05812441
0.06468369
0.07115101
0.07751721
0.08377327
0.08991037
0.09563347
0.10111797
0.10643981
0.11159171
0.11656685
0.12135887
0.12596188
0.13037045
0.13457608
0.1379174
0.14102248
0.14389253
0.13827333
0.12587989
0.11685332
0.11074605
0.10924315
0.11084846
0.10919289
0.08832457
0.06827179
0.04937699
0.03259672
0.02075025
0.02095705
0.03116111
0.04317718
0.05555175
0.06752142
0.07885466
0.0889479
0.09765077
0.10579204
0.11283269
0.1185789
0.12407268
0.12770571
0.13143337
0.13339658
0.13537657
0.13611443
0.136093
0.13506049
0.13393488
0.13237642
0.1297188
0.12692754
0.12399569
0.12091728
0.11686725
0.11250691
0.10801994
0.10341382
0.09869796
0.09388407
0.08898678
0.0836979
0.07799536
0.07229153
0.06662574
0.06104932
0.05563087
0.05046363
0.0456754
0.04143943
0.03798054
0.03545967
0.03347071
0.03308555
0.03437174
0.03716081
0.04089417
0.04508033
0.0501304
0.05522276
0.06056936
0.06604757
0.07161917
0.07707424
0.08260402
0.0880194
0.09353206
0.09324312
0.09347556
0.09866538
0.10807743
0.11943207
0.12427694
0.12897241
0.13350053
0.13784537
0.14199285
0.14593061
0.14964788
0.15313543
0.1563855
0.15939174
0.16214915
0.16465407
0.16643541
0.16788233
0.15329565
0.13540316
0.1186292
0.10383548
0.09229216
0.08437283
0.08185373
0.0845296
0.0913003
0.09142886
0.07495214
0.0614675
0.05222154
0.04847599
0.05033867
0.0563084
0.06448059
0.0734971
0.08258302
0.09133153
0.0995449
0.10681503
0.11279312
0.11817517
0.12280452
0.12596049
0.12885421
0.13036212
0.13161433
0.13137115
0.13173425
0.1303755
0.12897884
0.12744559
0.12474894
0.12205358
0.11936701
0.11661873
0.11298003
0.10941096
0.10593892
0.10259398
0.09940887
0.09641893
0.0936617
0.09071053
0.08804743
0.0858145
0.0840609
0.08282907
0.08215142
0.08204736
0.08252148
0.08137764
0.07296487
0.0660535
0.06005116
0.05680439
0.05617674
0.05785853
0.06174874
0.06745943
0.07394725
0.08089433
0.08814537
0.09535864
0.10223892
0.10900596
0.11575221
0.12172363
0.12783659
0.13319204
0.1316331
0.13264104
0.13699041
0.14435459
0.1542229
0.16092509
0.16442231
0.16765237
0.17065243
0.17340476
0.17589384
0.16724636
0.15023548
0.13420093
0.11971908
0.10788175
0.09891399
0.09524755
0.09524755
0.10149777
0.11027226
0.12317464
0.13720885
0.15325477
0.15113626
0.13406314
0.11758871
0.10214287
0.08840568
0.07634988
0.06787541
0.06269108
0.06199651
0.06503554
0.07051908
0.0771234
0.08433499
0.09152419
0.0980842
0.10399291
0.10917179
0.11361488
0.11737347
0.1198276
0.12153513
0.1159604
0.10525826
0.09824325
0.09579799
0.09824102
0.10512738
0.11549683
0.11392712
0.11113328
0.1083935
0.10588709
0.10364253
0.10168738
0.09966539
0.09777765
0.09632788
0.09534445
0.0948475
0.0948475
0.09534445
0.09632788
0.09777765
0.09966539
0.10195643
0.10461174
0.1075899
0.1108487
0.10332699
0.09033916
0.07949628
0.07012135
0.06441637
0.06199651
0.06307377
0.06735753
0.0738025
0.08150477
0.08984023
0.09843164
0.10688752
0.11468278
0.12238051
0.1297066
0.13622906
0.1426795
0.14819549
0.15351371
0.15546762
0.15244621
0.15140583
0.14171409
0.12685667
0.11280122
0.09965368
0.08963897
0.08341139
0.08185373
0.08652525
0.09519065
0.10828889
0.12347501
0.14049954
0.15879972
0.15990577
0.15462148
0.14916257
0.14353194
0.13773304
0.13176985
0.12502913
0.11313886
0.10144755
0.09023711
0.07990232
0.07065208
0.06310621
0.0580394
0.05617674
0.05682693
0.05419572
0.05466202
0.06340113
0.07579336
0.08121341
0.08602034
0.09004285
0.093209
0.09552239
0.09705117
0.09792488
0.09310421
0.07612827
0.0622584
0.05419572
0.05466202
0.06212571
0.06958069
0.07685735
0.08399674
0.08356308
0.08252148
0.08204736
0.08215142
0.08282907
0.0840609
0.0858145
0.08804743
0.09071053
0.0937512
0.09711611
0.10075326
0.10461341
0.1086508
0.10838304
0.1067671
0.10514326
0.10351189
0.10187343
0.1002284
0.0936166
0.07805593
0.06424907
0.05394057
0.04847599
0.04860515
0.05351899
0.06146745
0.07095791
0.08108569
0.0818968
0.08022838
0.07856263
0.07690005
0.07524103
0.07358589
0.07193482
0.06780587
0.05843354
0.05096224
0.04746009
0.05016791
0.05901083
0.06048383
0.05885858
0.05723399
0.05560918
0.05398318
0.05235497
0.05072349
0.04908765
0.04744635
0.0457985
0.04414303
0.04247892
0.04080518
0.03912093
0.03742534
0.0357177
0.03399739
0.03226392
0.03051694
0.0287562
0.02698162
0.02519325
0.02339126
0.02157601
0.01974795
0.01790769
0.01605597
0.01419363
0.01354021
0.03082207
0.04324161
0.04640662
0.04946481
0.05202819
0.0538235
0.05473677
0.05477594
0.05406245
0.05284561
0.05153228
0.04066369
0.02047486
0.01354021
0.01543792
0.0173218
0.01919059
0.0210432
0.02287873
0.02469644
0.0264958
0.02827644
0.03003824
0.03178122
0.03350565
0.03521197
0.03690079
0.03857293
0.04022936
0.04187119
0.04349968
0.0451162
0.04672221
0.04831925
0.04990891
0.0514928
0.05307254
0.05464971
0.05622586
0.05780246
0.0593809
0.05129088
0.03453324
0.02220528
0.02075025
0.02928727
0.04148928
0.05425577
0.06675654
0.0738308
0.07547243
0.07712118
0.07877653
0.08043782
0.08210428
0.08377501
0.08544904
0.08712531
0.08880272
0.09048012
0.09215636
0.0938303
0.09550078
0.09716674
0.09882712
0.10048096
0.10212737
0.10376555
0.10539482
0.10701459
0.10862441
0.11022391
0.11181289
0.11339124
0.11495897
0.11651621
0.11806321
0.11434609
0.10961276
0.10466066
0.09949614
0.09412657
0.0885602
0.08280622
0.0768747
0.07077651
0.06452334
0.05812761
0.05160241
0.0469144
0.05177341
0.06439953
0.08113249
0.09974738
0.11914299
0.13874301
0.13848255
0.13745748
0.11846522
0.09955509
0.08128716
0.06473084
0.0520554
0.0469144
0.05148246
0.05812441
0.06468369
0.07115101
0.07751721
0.08377327
0.08991037
0.09563347
0.10111797
0.10643981
0.11159171
0.11656685
0.12135887
0.12596188
0.13037045
0.13457608
0.1379174
0.14102248
0.14389253
0.13827333
0.12587989
0.11685332
0.11074605
0.10924315
0.11084846
0.10919289
0.08832457
0.06827179
0.04937699
0.03259672
0.02075025
0.02095705
0.03116111
0.04317718
0.05555175
0.06752142
0.07885466
0.0889479
0.09765077
0.10579204
0.11283269
0.1185789
0.12407268
0.12770571
0.13143337
0.13339658
0.13537657
0.13611443
0.136093
0.13506049
0.13393488
0.13237642
0.1297188
0.12692754
0.12399569
0.12091728
0.11686725
0.11250691
0.10801994
0.10341382
0.09869796
0.09388407
0.08898678
0.0836979
0.07799536
0.07229153
0.06662574
0.06104932
0.05563087
0.05046363
0.0456754
0.04143943
0.03798054
0.03545967
0.03347071
0.03308555
0.03437174
0.03716081
0.04089417
0.04508033
0.0501304
0.05522276
0.06056936
0.06604757
0.07161917
0.07707424
0.08260402
0.0880194
0.09353206
0.09324312
0.09347556
0.09866538
0.10807743
0.11943207
0.12427694
0.12897241
0.13350053
0.13784537
0.14199285
0.14593061
0.14964788
0.15313543
0.1563855
0.15939174
0.16214915
0.16465407
0.16643541
0.16788233
0.15329565
0.13540316
0.1186292
0.10383548
0.09229216
0.08437283
0.08185373
0.0845296
0.0913003
0.09142886
0.07495214
0.0614675
0.05222154
0.04847599
0.05033867
0.0563084
0.06448059
0.0734971
0.08258302
0.09133153
0.0995449
