###############################################
# Alcances iniciales
# Version 1
# 
###############################################
0.12798897
0.12731183
0.10784722
0.08809966
0.06836451
0.04925875
0.03259786
0.02466526
0.02818609
0.0317058
0.03522427
0.03874134
0.04225688
0.04577075
0.04928282
0.05279294
0.05630098
0.0598068
0.06331025
0.0668112
0.07030952
0.07380506
0.07729769
0.08078726
0.08427365
0.08775671
0.0912363
0.0947123
0.09818455
0.09775021
0.09178125
0.08578832
0.07977201
0.0737331
0.06767254
0.06159144
0.05549108
0.0493729
0.04323846
0.04419765
0.0543353
0.06962739
0.08720669
0.10569591
0.12442103
0.13865133
0.13939961
0.120839
0.10218145
0.08384108
0.06657874
0.05197639
0.04323846
0.04419765
0.05045664
0.0566947
0.06290982
0.06910023
0.07526436
0.08140085
0.08750862
0.09353445
0.09951178
0.10048532
0.0985273
0.09693201
0.09571786
0.09489969
0.09448792
0.09448792
0.09489969
0.09571786
0.09693201
0.0985273
0.10048532
0.10278498
0.10540347
0.10831711
0.10810477
0.09929894
0.09044371
0.08154201
0.07225733
0.06361298
0.06086181
0.06540727
0.07588217
0.09009154
0.10634296
0.12359114
0.14120621
0.13993863
0.13659963
0.11908133
0.10205216
0.08622528
0.07278959
0.06361298
0.06086181
0.06540727
0.07461517
0.08377137
0.09287102
0.10184275
0.11056369
0.11633164
0.11209948
0.10830185
0.10498435
0.10180197
0.09909092
0.09700649
0.09559092
0.09487501
0.09487501
0.09559092
0.09700649
0.09909092
0.10180197
0.10508964
0.10889988
0.11317781
0.11787014
0.11886438
0.10955529
0.10019965
0.09067207
0.08080713
0.07087074
0.06494323
0.06578435
0.07314474
0.08523808
0.10018408
0.11666577
0.1338624
0.14538828
0.14716644
0.12975759
0.11265638
0.09643729
0.08202194
0.07087074
0.06494323
0.06578435
0.07314474
0.0832415
0.09283756
0.10237235
0.11184168
0.12124192
0.13053669
0.13965644
0.14873896
0.15778326
0.16678856
0.17575431
0.17633515
0.16937061
0.16238084
0.15536627
0.14832734
0.14126457
0.13417851
0.12706976
0.11993901
0.11278699
0.1056145
0.09842244
0.09121175
0.08398344
0.07670054
0.06916316
0.06158572
0.05397167
0.050729
0.05613117
0.06806523
0.08361085
0.10088872
0.1188884
0.13704807
0.1363071
0.13254907
0.11431984
0.09638313
0.07938852
0.06452626
0.05397167
0.050729
0.05613019
0.06353109
0.07090241
0.07824159
0.08554632
0.0928146
0.10004472
0.1072353
0.10485085
0.10140299
0.09794473
0.09447558
0.09099501
0.08750256
0.08399777
0.08048021
0.07694952
0.0734054
0.06984761
0.06627599
0.06269047
0.05909105
0.05547785
0.05185108
0.04821106
0.04455819
0.04089298
0.03721607
0.03352814
0.02983003
0.02612261
0.02936924
0.04422971
0.06278664
0.08235203
0.10208186
0.11587184
0.11612685
0.11597801
0.11410213
0.09442529
0.07467056
0.05532719
0.03767952
0.02612261
0.02746715
0.03110802
0.03474123
0.03836609
0.04198199
0.04558837
0.04918474
0.05277069
0.05634588
0.05991004
0.06346297
0.06700455
0.07053472
0.07138676
0.06860766
0.06581645
0.06301286
0.06019665
0.05736762
0.05452567
0.05167074
0.04880286
0.04592214
0.04302877
0.04012303
0.03720529
0.03427601
0.03133573
0.02838507
0.02542475
0.02245555
0.02144095
0.0344627
0.05310059
0.07297225
0.09303824
0.11291606
0.13239732
0.13250438
0.12092642
0.10122001
0.08122246
0.06121984
0.04186264
0.02548144
0.02144095
0.02447541
0.02749899
0.03051065
0.03350945
0.03649459
0.03946534
0.04242114
0.04536151
0.04828612
0.05119476
0.05408734
0.05696388
0.05982451
0.06266948
0.06549911
0.06831385
0.07111417
0.07390064
0.07667386
0.0794345
0.08218322
0.0849207
0.08764763
0.08850462
0.08214893
0.07575093
0.06931253
0.06283593
0.05632369
0.04977867
0.04454392
0.04813803
0.05967966
0.07546092
0.09314186
0.11157378
0.1247201
0.12735482
0.12998718
0.11652705
0.09806009
0.08013274
0.06369209
0.05067474
0.04454392
0.04813803
0.05473591
0.06112768
0.06750412
0.07386387
0.08020569
0.08652841
0.09283092
0.09911221
0.10537134
0.11160747
0.11781981
0.12400767
0.13017041
0.13630745
0.1424183
0.1485025
0.15455962
0.15881551
0.15076333
0.14266864
0.13453201
0.12635424
0.11813636
0.10987964
0.10158561
0.09325602
0.084843
0.07610327
0.0673023
0.05962533
0.05868398
0.06517328
0.07714482
0.09231916
0.10914767
0.12672011
0.14449303
0.14305638
0.13097952
0.11333744
0.09627784
0.08059977
0.06767044
0.05962533
0.05868398
0.06517328
0.07401186
0.08257704
0.09109778
0.09957087
0.1079935
0.11636329
0.12467827
0.13293689
0.14113806
0.14928109
0.15736574
0.16539214
0.17336083
0.17623347
0.16876083
0.16124902
0.15369794
0.14610762
0.1384783
0.1308104
0.12310453
0.11536153
0.10758244
0.09976855
0.09192134
0.08404252
0.07613402
0.06807106
0.0596914
0.05470946
0.05779014
0.06779122
0.08207601
0.09859398
0.11615102
0.13407024
0.13765518
0.13858496
0.12060187
0.1028709
0.08598694
0.07098703
0.0596914
0.05470946
0.05779014
0.06593346
0.07403394
0.08208749
0.09009049
0.09803971
0.10592488
0.11363789
0.12132465
0.12898405
0.13661511
0.13837262
0.13329854
0.12820769
0.12310067
0.11797812
0.11284065
0.10768889
0.10252347
0.09734502
0.09215419
0.08695161
0.08173792
0.07651379
0.07127985
0.06603677
0.06078522
0.05552584
0.0500892
0.04459177
0.03907112
0.03809122
0.04786693
0.06348869
0.08146081
0.1002801
0.11927148
0.13807428
0.1375166
0.12252946
0.10350076
0.08457995
0.06636856
0.05017227
0.03907112
0.03809122
0.04348583
0.04886247
0.05421942
0.05955508
0.06486807
0.07015717
0.07542134
0.08065976
0.08587177
0.09105694
0.0947123
0.0912363
0.08775671
0.08427365
0.08078726
0.07729769
0.07380506
0.07030952
0.0668112
0.06331025
0.0598068
0.05630098
0.05279294
0.04928282
0.04577075
0.04225688
0.03874134
0.03522427
0.0317058
0.02818609
0.02466526
0.0327481
0.04945764
0.06857953
0.08832216
0.10807442
0.12754275
0.12798897
0.12731183
0.10784722
0.08809966
0.06836451
0.04925875
0.03259786
0.02466526
0.02818609
0.0317058
0.03522427
0.03874134
0.04225688
0.04577075
0.04928282
0.05279294
0.05630098
0.0598068
0.06331025
0.0668112
0.07030952
0.07380506
0.07729769
0.08078726
0.08427365
0.08775671
0.0912363
0.0947123
0.09818455
0.09775021
0.09178125
0.08578832
0.07977201
0.0737331
0.06767254
0.06159144
0.05549108
0.0493729
0.04323846
0.04419765
0.0543353
0.06962739
0.08720669
0.10569591
0.12442103
0.13865133
0.13939961
0.120839
0.10218145
0.08384108
0.06657874
0.05197639
0.04323846
0.04419765
0.05045664
0.0566947
0.06290982
0.06910023
0.07526436
0.08140085
0.08750862
0.09353445
0.09951178
0.10048532
0.0985273
0.09693201
0.09571786
0.09489969
0.09448792
0.09448792
0.09489969
0.09571786
0.09693201
0.0985273
0.10048532
0.10278498
0.10540347
0.10831711
0.10810477
0.09929894
0.09044371
0.08154201
0.07225733
0.06361298
0.06086181
0.06540727
0.07588217
0.09009154
0.10634296
0.12359114
0.14120621
0.13993863
0.13659963
0.11908133
0.10205216
0.08622528
0.07278959
0.06361298
0.06086181
0.06540727
0.07461517
0.08377137
0.09287102
0.10184275
0.11056369
0.11633164
0.11209948
0.10830185
0.10498435
0.10180197
0.09909092
0.09700649
0.09559092
0.09487501
0.09487501
0.09559092
0.09700649
0.09909092
0.10180197
0.10508964
0.10889988
0.11317781
0.11787014
0.11886438
0.10955529
0.10019965
0.09067207
0.08080713
0.07087074
0.06494323
0.06578435
0.07314474
0.08523808
0.10018408
0.11666577
0.1338624
0.14538828
0.14716644
0.12975759
0.11265638
0.09643729
0.08202194
0.07087074
0.06494323
0.06578435
0.07314474
0.0832415
0.09283756
0.10237235
0.11184168
0.12124192
0.13053669
0.13965644
0.14873896
0.15778326
0.16678856
0.17575431
0.17633515
0.16937061
0.16238084
0.15536627
0.14832734
0.14126457
0.13417851
0.12706976
0.11993901
0.11278699
0.1056145
0.09842244
0.09121175
0.08398344
0.07670054
0.06916316
0.06158572
0.05397167
0.050729
0.05613117
0.06806523
0.08361085
0.10088872
0.1188884
0.13704807
0.1363071
0.13254907
0.11431984
0.09638313
0.07938852
0.06452626
0.05397167
0.050729
0.05613019
0.06353109
0.07090241
0.07824159
0.08554632
0.0928146
0.10004472
0.1072353
0.10485085
0.10140299
0.09794473
0.09447558
0.09099501
0.08750256
0.08399777
0.08048021
0.07694952
0.0734054
0.06984761
0.06627599
0.06269047
0.05909105
0.05547785
0.05185108
0.04821106
0.04455819
0.04089298
0.03721607
0.03352814
0.02983003
0.02612261
0.02936924
0.04422971
0.06278664
0.08235203
0.10208186
0.11587184
0.11612685
0.11597801
0.11410213
0.09442529
0.07467056
0.05532719
0.03767952
0.02612261
0.02746715
0.03110802
0.03474123
0.03836609
0.04198199
0.04558837
0.04918474
0.05277069
0.05634588
0.05991004
0.06346297
0.06700455
0.07053472
0.07138676
0.06860766
0.06581645
0.06301286
0.06019665
0.05736762
0.05452567
0.05167074
0.04880286
0.04592214
0.04302877
0.04012303
0.03720529
0.03427601
0.03133573
0.02838507
0.02542475
0.02245555
0.02144095
0.0344627
0.05310059
0.07297225
0.09303824
0.11291606
0.13239732
0.13250438
0.12092642
0.10122001
0.08122246
0.06121984
0.04186264
0.02548144
0.02144095
0.02447541
0.02749899
0.03051065
0.03350945
0.03649459
0.03946534
0.04242114
0.04536151
0.04828612
0.05119476
0.05408734
0.05696388
0.05982451
0.06266948
0.06549911
0.06831385
0.07111417
0.07390064
0.07667386
0.0794345
0.08218322
0.0849207
0.08764763
0.08850462
0.08214893
0.07575093
0.06931253
0.06283593
0.05632369
0.04977867
0.04454392
0.04813803
0.05967966
0.07546092
0.09314186
0.11157378
0.1247201
0.12735482
0.12998718
0.11652705
0.09806009
0.08013274
0.06369209
0.05067474
0.04454392
0.04813803
0.05473591
0.06112768
0.06750412
0.07386387
0.08020569
0.08652841
0.09283092
0.09911221
0.10537134
0.11160747
0.11781981
0.12400767
0.13017041
0.13630745
0.1424183
0.1485025
0.15455962
0.15881551
0.15076333
0.14266864
0.13453201
0.12635424
0.11813636
0.10987964
0.10158561
0.09325602
0.084843
0.07610327
0.0673023
0.05962533
0.05868398
0.06517328
0.07714482
0.09231916
0.10914767
0.12672011
0.14449303
0.14305638
0.13097952
0.11333744
0.09627784
0.08059977
0.06767044
0.05962533
0.05868398
0.06517328
0.07401186
0.08257704
0.09109778
0.09957087
0.1079935
0.11636329
0.12467827
0.13293689
0.14113806
0.14928109
0.15736574
0.16539214
0.17336083
0.17623347
0.16876083
0.16124902
0.15369794
0.14610762
0.1384783
0.1308104
0.12310453
0.11536153
0.10758244
0.09976855
0.09192134
0.08404252
0.07613402
0.06807106
0.0596914
0.05470946
0.05779014
0.06779122
0.08207601
0.09859398
0.11615102
0.13407024
0.13765518
0.13858496
0.12060187
0.1028709
0.08598694
0.07098703
0.0596914
0.05470946
0.05779014
0.06593346
0.07403394
0.08208749
0.09009049
0.09803971
0.10592488
0.11363789
0.12132465
0.12898405
0.13661511
0.13837262
0.13329854
0.12820769
0.12310067
0.11797812
0.11284065
0.10768889
0.10252347
0.09734502
0.09215419
0.08695161
0.08173792
0.07651379
0.07127985
0.06603677
0.06078522
0.05552584
0.0500892
0.04459177
0.03907112
0.03809122
0.04786693
0.06348869
0.08146081
0.1002801
0.11927148
0.13807428
0.1375166
0.12252946
0.10350076
0.08457995
0.06636856
0.05017227
0.03907112
0.03809122
0.04348583
0.04886247
0.05421942
0.05955508
0.06486807
0.07015717
0.07542134
0.08065976
0.08587177
0.09105694
0.0947123
0.0912363
0.08775671
0.08427365
0.08078726
0.07729769
0.07380506
0.07030952
0.0668112
0.06331025
0.0598068
0.05630098
0.05279294
0.04928282
0.04577075
0.04225688
0.03874134
0.03522427
0.0317058
0.02818609
0.02466526
0.0327481
0.04945764
0.06857953
0.08832216
0.10807442
0.12754275
