###############################################
# Alcances iniciales
# Version 1
# 
###############################################
0.0037312
0.00374628
0.00376287
0.00378095
0.00380049
0.00382146
0.00384383
0.00386757
0.00389265
0.00391903
0.00394668
0.00397556
0.00400563
0.00403685
0.00406919
0.00410259
0.00413703
0.00417245
0.00420882
0.0042461
0.00428424
0.0043232
0.00436295
0.00440344
0.00444463
0.00448648
0.00452895
0.004572
0.0046156
0.0046597
0.00470427
0.00474928
0.00479468
0.00484044
0.00488652
0.0049329
0.00497954
0.00502641
0.00507347
0.00512069
0.00516805
0.00521551
0.00526305
0.00531063
0.00535823
0.00540582
0.00545338
0.00550087
0.00554828
0.00559558
0.00564275
0.00568975
0.00573658
0.0057832
0.0058296
0.00587575
0.00592163
0.00596722
0.00601251
0.00605747
0.00610208
0.00614633
0.0061902
0.00623367
0.00627671
0.00631933
0.00636149
0.00640319
0.00644441
0.00648513
0.00652533
0.00656501
0.00660415
0.00664273
0.00668075
0.00671818
0.00675502
0.00679125
0.00682686
0.00686184
0.00689618
0.00692986
0.00696288
0.00699523
0.00702688
0.00705784
0.00708809
0.00711763
0.00714644
0.00717452
0.00647395
0.00137679
0.00725425
0.0072793
0.00730357
0.00732706
0.00734976
0.00737166
0.00739275
0.00741303
0.00743249
0.00745112
0.00746893
0.00748589
0.00750202
0.00751729
0.00753171
0.00754528
0.00755798
0.00756981
0.00758078
0.00759087
0.00760007
0.0076084
0.00761584
0.00762239
0.00762805
0.00763282
0.00763668
0.00763965
0.00764171
0.00764287
0.00764248
0.00764092
0.00763845
0.00763507
0.00763078
0.00762558
0.00761947
0.00761244
0.0076045
0.00759566
0.0075859
0.00757523
0.00756365
0.00755117
0.00753778
0.00752348
0.00750828
0.00749218
0.00747518
0.00745728
0.00743849
0.00741881
0.00739824
0.00737678
0.00735444
0.00733122
0.00730713
0.00728217
0.00725634
0.00722965
0.0072021
0.00717369
0.00714444
0.00711435
0.00708342
0.00705166
0.00701907
0.00698566
0.00695144
0.00691641
0.00688058
0.00684396
0.00680655
0.00676836
0.0067294
0.00668967
0.00664919
0.00660796
0.006566
0.0065233
0.00647988
0.00643575
0.00639092
0.00634539
0.00629918
0.0062523
0.00620475
0.00615656
0.00610772
0.00605825
0.00600817
0.00595748
0.0059062
0.00585434
0.00580191
0.00574893
0.0056954
0.00564135
0.00558679
0.00553173
0.00547618
0.00542017
0.00536371
0.00530682
0.00524951
0.0051918
0.00513371
0.00507525
0.00501646
0.00495733
0.00489791
0.0048382
0.00477823
0.00471802
0.0046576
0.00459699
0.00453621
0.00447529
0.00441426
0.00435314
0.00429197
0.00423077
0.00416958
0.00410842
0.00404733
0.00398636
0.00392552
0.00386487
0.00380444
0.00374428
0.00368442
0.00362492
0.00356583
0.00350718
0.00344904
0.00339147
0.00333451
0.00327822
0.00322269
0.00316795
0.0031141
0.00306119
0.00300931
0.00295852
0.00290892
0.00286058
0.0028136
0.00276805
0.00272404
0.00268165
0.00264099
0.00260213
0.0025652
0.00253027
0.00249745
0.00246683
0.0024385
0.00241255
0.00238907
0.00236812
0.00234978
0.00233411
0.00232117
0.00231099
0.00230362
0.00229906
0.00229733
0.00229733
0.00229842
0.00230233
0.00230901
0.00231843
0.00233055
0.0023453
0.00236262
0.00238242
0.00240462
0.00242914
0.00245588
0.00248474
0.00251563
0.00254843
0.00258305
0.00261939
0.00265735
0.00269682
0.00273771
0.00277992
0.00282337
0.00286795
0.00291359
0.00296019
0.00300769
0.00305599
0.00310504
0.00315475
0.00320507
0.00325591
0.00330724
0.00335897
0.00341107
0.00346347
0.00351613
0.003569
0.00362202
0.00367516
0.00372838
0.00378163
0.00383487
0.00388808
0.00394121
0.00399423
0.00404711
0.00409982
0.00415232
0.0042046
0.00425663
0.00430837
0.0043598
0.00441091
0.00446166
0.00451203
0.00456201
0.00461158
0.00466071
0.00470938
0.00475758
0.00480529
0.00485249
0.00489916
0.0049453
0.00499088
0.0050359
0.00508032
0.00512416
0.00516737
0.00520997
0.00525193
0.00529324
0.00533389
0.00537388
0.00541318
0.00545178
0.00548969
0.00552688
0.00556336
0.0055991
0.00563411
0.00566836
0.00570186
0.0057346
0.00576657
0.00579776
0.00582816
0.00585778
0.00588659
0.00591461
0.00594181
0.0059682
0.00599376
0.0060185
0.00604241
0.00606549
0.00608773
0.00610912
0.00612967
0.00614936
0.0061682
0.00618619
0.00620332
0.00621958
0.00623498
0.00624951
0.00626318
0.00627597
0.0062879
0.00629895
0.00630913
0.00631843
0.00632686
0.00633442
0.0063411
0.00634691
0.00635184
0.0063559
0.00635909
0.00636141
0.00636286
0.00636317
0.00636202
0.00636002
0.00635715
0.00635344
0.00634887
0.00634345
0.00633719
0.00633009
0.00632215
0.00631339
0.00630379
0.00629337
0.00628214
0.0062701
0.00625725
0.0062436
0.00622917
0.00621394
0.00619794
0.00618116
0.00616362
0.00614533
0.00612629
0.00610651
0.006086
0.00606476
0.00604282
0.00602017
0.00599683
0.00597281
0.00594812
0.00592277
0.00589677
0.00587013
0.00584287
0.005815
0.00578653
0.00575748
0.00572785
0.00569767
0.00566694
0.00563569
0.00560392
0.00557166
0.00553892
0.00550572
0.00547207
0.005438
0.00540352
0.00536865
0.0053334
0.00529781
0.00526189
0.00522567
0.00518915
0.00515238
0.00511536
0.00507813
0.0050407
0.00500311
0.00496538
0.00492753
0.0048896
0.0048516
0.00481358
0.00477556
0.00473756
0.00469963
0.00466179
0.00462407
0.00458651
0.00454915
0.00451201
0.00447514
0.00443857
0.00440233
0.00436648
0.00433103
0.00429605
0.00426155
0.0042276
0.00419422
0.00416147
0.00412938
0.00409799
0.00406735
0.00403751
0.00400851
0.00398039
0.0039532
0.00392698
0.00390177
0.00387762
0.00385457
0.00383267
0.00381195
0.00379245
0.00377422
0.00375729
0.0037417
0.00372748
0.00371467
0.00370329
0.00369337
0.00368495
0.00367803
0.00367265
0.00366883
0.00366656
0.00366588
0.00366588
0.00366678
0.00366928
0.00367337
0.00367906
0.00368634
0.0036952
0.00370564
0.00371765
0.0037312
0.00374628
0.00376287
0.00378095
0.00380049
0.00382146
0.00384383
0.00386757
0.00389265
0.00391903
0.00394668
0.00397556
0.00400563
0.00403685
0.00406919
0.00410259
0.00413703
0.00417245
0.00420882
0.0042461
0.00428424
0.0043232
0.00436295
0.00440344
0.00444463
0.00448648
0.00452895
0.004572
0.0046156
0.0046597
0.00470427
0.00474928
0.00479468
0.00484044
0.00488652
0.0049329
0.00497954
0.00502641
0.00507347
0.00512069
0.00516805
0.00521551
0.00526305
0.00531063
0.00535823
0.00540582
0.00545338
0.00550087
0.00554828
0.00559558
0.00564275
0.00568975
0.00573658
0.0057832
0.0058296
0.00587575
0.00592163
0.00596722
0.00601251
0.00605747
0.00610208
0.00614633
0.0061902
0.00623367
0.00627671
0.00631933
0.00636149
0.00640319
0.00644441
0.00648513
0.00652533
0.00656501
0.00660415
0.00664273
0.00668075
0.00671818
0.00675502
0.00679125
0.00682686
0.00686184
0.00689618
0.00692986
0.00696288
0.00699523
0.00702688
0.00705784
0.00708809
0.00711763
0.00714644
0.00717452
0.00647395
0.00137679
0.00725425
0.0072793
0.00730357
0.00732706
0.00734976
0.00737166
0.00739275
0.00741303
0.00743249
0.00745112
0.00746893
0.00748589
0.00750202
0.00751729
0.00753171
0.00754528
0.00755798
0.00756981
0.00758078
0.00759087
0.00760007
0.0076084
0.00761584
0.00762239
0.00762805
0.00763282
0.00763668
0.00763965
0.00764171
0.00764287
0.00764248
0.00764092
0.00763845
0.00763507
0.00763078
0.00762558
0.00761947
0.00761244
0.0076045
0.00759566
0.0075859
0.00757523
0.00756365
0.00755117
0.00753778
0.00752348
0.00750828
0.00749218
0.00747518
0.00745728
0.00743849
0.00741881
0.00739824
0.00737678
0.00735444
0.00733122
0.00730713
0.00728217
0.00725634
0.00722965
0.0072021
0.00717369
0.00714444
0.00711435
0.00708342
0.00705166
0.00701907
0.00698566
0.00695144
0.00691641
0.00688058
0.00684396
0.00680655
0.00676836
0.0067294
0.00668967
0.00664919
0.00660796
0.006566
0.0065233
0.00647988
0.00643575
0.00639092
0.00634539
0.00629918
0.0062523
0.00620475
0.00615656
0.00610772
0.00605825
0.00600817
0.00595748
0.0059062
0.00585434
0.00580191
0.00574893
0.0056954
0.00564135
0.00558679
0.00553173
0.00547618
0.00542017
0.00536371
0.00530682
0.00524951
0.0051918
0.00513371
0.00507525
0.00501646
0.00495733
0.00489791
0.0048382
0.00477823
0.00471802
0.0046576
0.00459699
0.00453621
0.00447529
0.00441426
0.00435314
0.00429197
0.00423077
0.00416958
0.00410842
0.00404733
0.00398636
0.00392552
0.00386487
0.00380444
0.00374428
0.00368442
0.00362492
0.00356583
0.00350718
0.00344904
0.00339147
0.00333451
0.00327822
0.00322269
0.00316795
0.0031141
0.00306119
0.00300931
0.00295852
0.00290892
0.00286058
0.0028136
0.00276805
0.00272404
0.00268165
0.00264099
0.00260213
0.0025652
0.00253027
0.00249745
0.00246683
0.0024385
0.00241255
0.00238907
0.00236812
0.00234978
0.00233411
0.00232117
0.00231099
0.00230362
0.00229906
0.00229733
0.00229733
0.00229842
0.00230233
0.00230901
0.00231843
0.00233055
0.0023453
0.00236262
0.00238242
0.00240462
0.00242914
0.00245588
0.00248474
0.00251563
0.00254843
0.00258305
0.00261939
0.00265735
0.00269682
0.00273771
0.00277992
0.00282337
0.00286795
0.00291359
0.00296019
0.00300769
0.00305599
0.00310504
0.00315475
0.00320507
0.00325591
0.00330724
0.00335897
0.00341107
0.00346347
0.00351613
0.003569
0.00362202
0.00367516
0.00372838
0.00378163
0.00383487
0.00388808
0.00394121
0.00399423
0.00404711
0.00409982
0.00415232
0.0042046
0.00425663
0.00430837
0.0043598
0.00441091
0.00446166
0.00451203
0.00456201
0.00461158
0.00466071
0.00470938
0.00475758
0.00480529
0.00485249
0.00489916
0.0049453
0.00499088
0.0050359
0.00508032
0.00512416
0.00516737
0.00520997
0.00525193
0.00529324
0.00533389
0.00537388
0.00541318
0.00545178
0.00548969
0.00552688
0.00556336
0.0055991
0.00563411
0.00566836
0.00570186
0.0057346
0.00576657
0.00579776
0.00582816
0.00585778
0.00588659
0.00591461
0.00594181
0.0059682
0.00599376
0.0060185
0.00604241
0.00606549
0.00608773
0.00610912
0.00612967
0.00614936
0.0061682
0.00618619
0.00620332
0.00621958
0.00623498
0.00624951
0.00626318
0.00627597
0.0062879
0.00629895
0.00630913
0.00631843
0.00632686
0.00633442
0.0063411
0.00634691
0.00635184
0.0063559
0.00635909
0.00636141
0.00636286
0.00636317
0.00636202
0.00636002
0.00635715
0.00635344
0.00634887
0.00634345
0.00633719
0.00633009
0.00632215
0.00631339
0.00630379
0.00629337
0.00628214
0.0062701
0.00625725
0.0062436
0.00622917
0.00621394
0.00619794
0.00618116
0.00616362
0.00614533
0.00612629
0.00610651
0.006086
0.00606476
0.00604282
0.00602017
0.00599683
0.00597281
0.00594812
0.00592277
0.00589677
0.00587013
0.00584287
0.005815
0.00578653
0.00575748
0.00572785
0.00569767
0.00566694
0.00563569
0.00560392
0.00557166
0.00553892
0.00550572
0.00547207
0.005438
0.00540352
0.00536865
0.0053334
0.00529781
0.00526189
0.00522567
0.00518915
0.00515238
0.00511536
0.00507813
0.0050407
0.00500311
0.00496538
0.00492753
0.0048896
0.0048516
0.00481358
0.00477556
0.00473756
0.00469963
0.00466179
0.00462407
0.00458651
0.00454915
0.00451201
0.00447514
0.00443857
0.00440233
0.00436648
0.00433103
0.00429605
0.00426155
0.0042276
0.00419422
0.00416147
0.00412938
0.00409799
0.00406735
0.00403751
0.00400851
0.00398039
0.0039532
0.00392698
0.00390177
0.00387762
0.00385457
0.00383267
0.00381195
0.00379245
0.00377422
0.00375729
0.0037417
0.00372748
0.00371467
0.00370329
0.00369337
0.00368495
0.00367803
0.00367265
0.00366883
0.00366656
0.00366588
0.00366588
0.00366678
0.00366928
0.00367337
0.00367906
0.00368634
0.0036952
0.00370564
0.00371765
