###############################################
# Alcances iniciales
# Version 1
# 
###############################################
0.01571107
0.01609388
0.01679567
0.01777072
0.01896397
0.02031998
0.02178816
0.02332476
0.02489285
0.02646157
0.02800502
0.02950136
0.03093198
0.03228095
0.03353449
0.03468068
0.03570919
0.03661111
0.0373788
0.03800582
0.03848683
0.03881756
0.03899476
0.03888051
0.03858743
0.03813754
0.03753235
0.0367743
0.03586673
0.0348139
0.03362097
0.03229403
0.03084015
0.0292674
0.02758497
0.02580335
0.02393458
0.02199267
0.01999444
0.01796071
0.0159187
0.01390613
0.01197882
0.01022407
0.00877996
0.00784457
0.00761828
0.00761828
0.00815642
0.00931248
0.01086867
0.01265096
0.01454617
0.01648341
0.01841661
0.02031405
0.02215246
0.02391381
0.02558358
0.02714969
0.02860192
0.02993157
0.03113118
0.03219447
0.03311622
0.03389224
0.03451935
0.03499535
0.03531905
0.03549027
0.03537972
0.03510285
0.03468338
0.03412665
0.03343926
0.0326292
0.03170594
0.03068065
0.02956641
0.02837849
0.0271347
0.02585591
0.02456652
0.01057396
0.01782438
0.02094362
0.01994393
0.01912059
0.01851747
0.01817197
0.01810882
0.01810882
0.01833506
0.01883867
0.01959134
0.0205541
0.0216834
0.02293588
0.02427125
0.02565356
0.02705143
0.02843778
0.02978925
0.03108573
0.03230983
0.03344649
0.03448265
0.03540699
0.03620974
0.03688253
0.03741828
0.03781109
0.0380562
0.03808957
0.03787351
0.03750102
0.03697234
0.03628861
0.03545186
0.03446498
0.03333173
0.03205665
0.03064511
0.02910328
0.02743808
0.02565726
0.02376935
0.0217838
0.0197111
0.01756311
0.01535364
0.01309986
0.01082544
0.00856861
0.00640652
0.0045383
0.00352172
0.00352172
0.00407
0.00574134
0.00782665
0.01004445
0.01229268
0.01452474
0.01671375
0.01884115
0.02089251
0.0228557
0.02472017
0.02647652
0.0281163
0.02963195
0.03101672
0.03226469
0.03337073
0.03433057
0.03514077
0.03579876
0.03630288
0.03665235
0.03684738
0.03677973
0.03652244
0.03612157
0.03558256
0.03491209
0.02114625
0.01057396
0.03219913
0.03109774
0.02992075
0.02868519
0.02741075
0.02612017
0.02483974
0.02359962
0.02243406
0.02138101
0.02048094
0.01977427
0.01929732
0.01907733
0.01907733
0.0191277
0.01944532
0.02001127
0.02079436
0.02175621
0.02285599
0.02405397
0.02531347
0.02660176
0.02789013
0.02915367
0.03037081
0.03152288
0.03259376
0.03356947
0.03443795
0.03518883
0.03581322
0.03630365
0.0366539
0.03685894
0.03681892
0.03656927
0.03616513
0.03560671
0.03489512
0.03403241
0.0330215
0.0318662
0.03057117
0.02914191
0.02758478
0.02590697
0.0241166
0.02222276
0.0202357
0.01816717
0.01603106
0.01384477
0.01163218
0.00943084
0.00731133
0.00543473
0.00420243
0.00420243
0.00425308
0.00555522
0.00746943
0.00961675
0.01184541
0.01408802
0.01630815
0.0184823
0.0205931
0.02262655
0.02457071
0.02641504
0.02815015
0.02976758
0.03125972
0.03261982
0.03384192
0.03492087
0.03585237
0.03663293
0.03725996
0.0317152
3.33066907e-16
0.0317152
0.03806359
0.03776552
0.03732166
0.0367372
0.03601849
0.03517309
0.03420991
0.03313929
0.0319732
0.03072546
0.02941198
0.02805114
0.0266642
0.02527583
0.02391457
0.02261335
0.02140952
0.02034431
0.01946101
0.0188014
0.01840059
0.01828095
0.01828095
0.01844749
0.01888662
0.0195689
0.02045459
0.02149961
0.02266023
0.02389592
0.02517065
0.02645307
0.02771624
0.0289371
0.03009594
0.03117587
0.03216242
0.03304321
0.03380766
0.03444683
0.03495324
0.03532073
0.03554441
0.03554659
0.03532101
0.03494335
0.0344142
0.03373517
0.03290886
0.03193891
0.03082996
0.02958775
0.02821912
0.02673219
0.02513646
0.02344315
0.02166563
0.01982024
0.01792756
0.01601471
0.01411935
0.01229675
0.01063161
0.00925416
0.0083463
0.00809404
0.00809404
0.0085674
0.00965942
0.01117977
0.01296126
0.0148883
0.01688571
0.01890366
0.0209074
0.02287122
0.02477509
0.02660272
0.02834041
0.02997636
0.03150035
0.01057396
0.02114625
0.0353162
0.03631331
0.03716405
0.03786442
0.03841136
0.03880274
0.03903734
0.03903604
0.03880244
0.0384167
0.03788244
0.03720431
0.03638808
0.03544063
0.03437007
0.03318584
0.03189888
0.03052179
0.02906915
0.02755785
0.02600766
0.02444184
0.02288797
0.02137898
0.01995402
0.01865905
0.01754618
0.01667063
0.01608422
0.01582564
0.01582564
0.0159106
0.01632692
0.01703772
0.01799063
0.01912823
0.02039551
0.02174373
0.02313149
0.02452425
0.02589344
0.02721531
0.02847005
0.02964104
0.03071427
0.03167791
0.03252199
0.0332382
0.03381966
0.03426086
0.03455753
0.03470614
0.03455533
0.03425447
0.03380495
0.03320927
0.03247107
0.03159516
0.0305876
0.0294558
0.02820868
0.0268569
0.02541318
0.02389282
0.02231443
0.020701
0.01908151
0.01749317
0.01598434
0.01461775
0.01347226
0.01263893
0.0122058
0.0122058
0.0122309
0.01271788
0.01361524
0.01483956
0.01630252
0.01792656
0.01964935
0.01778639
0.01057396
0.02497595
0.02670281
0.02836862
0.02995682
0.03145327
0.03284579
0.03412385
0.03527829
0.03630121
0.03718586
0.03792655
0.03851863
0.03895842
0.03924325
0.03934197
0.03915526
0.03881233
0.03831525
0.03766705
0.03687172
0.03593428
0.03486077
0.03365831
0.0323352
0.03090105
0.02936689
0.02774551
0.02605178
0.02430322
0.02252086
0.02073043
0.01896419
0.0172633
0.01568098
0.01428535
0.01315954
0.01239395
0.01206543
0.01206543
0.01220833
0.0127975
0.0137594
0.01500085
0.01643316
0.01798274
0.01959216
0.02121745
0.0228247
0.02438741
0.02588438
0.02729837
0.02861515
0.02982282
0.03091143
0.03187267
0.03269964
0.03338677
0.03392968
0.03432516
0.03457111
0.03461154
0.03440733
0.03405623
0.03356171
0.03292845
0.03216243
0.03127098
0.03026294
0.02914887
0.02794127
0.02665498
0.02530762
0.02392023
0.02251816
0.02113198
0.01979868
0.01856256
0.01747533
0.01659427
0.01597707
0.01567282
0.01567282
0.01571107
0.01609388
0.01679567
0.01777072
0.01896397
0.02031998
0.02178816
0.02332476
0.02489285
0.02646157
0.02800502
0.02950136
0.03093198
0.03228095
0.03353449
0.03468068
0.03570919
0.03661111
0.0373788
0.03800582
0.03848683
0.03881756
0.03899476
0.03888051
0.03858743
0.03813754
0.03753235
0.0367743
0.03586673
0.0348139
0.03362097
0.03229403
0.03084015
0.0292674
0.02758497
0.02580335
0.02393458
0.02199267
0.01999444
0.01796071
0.0159187
0.01390613
0.01197882
0.01022407
0.00877996
0.00784457
0.00761828
0.00761828
0.00815642
0.00931248
0.01086867
0.01265096
0.01454617
0.01648341
0.01841661
0.02031405
0.02215246
0.02391381
0.02558358
0.02714969
0.02860192
0.02993157
0.03113118
0.03219447
0.03311622
0.03389224
0.03451935
0.03499535
0.03531905
0.03549027
0.03537972
0.03510285
0.03468338
0.03412665
0.03343926
0.0326292
0.03170594
0.03068065
0.02956641
0.02837849
0.0271347
0.02585591
0.02456652
0.01057396
0.01782438
0.02094362
0.01994393
0.01912059
0.01851747
0.01817197
0.01810882
0.01810882
0.01833506
0.01883867
0.01959134
0.0205541
0.0216834
0.02293588
0.02427125
0.02565356
0.02705143
0.02843778
0.02978925
0.03108573
0.03230983
0.03344649
0.03448265
0.03540699
0.03620974
0.03688253
0.03741828
0.03781109
0.0380562
0.03808957
0.03787351
0.03750102
0.03697234
0.03628861
0.03545186
0.03446498
0.03333173
0.03205665
0.03064511
0.02910328
0.02743808
0.02565726
0.02376935
0.0217838
0.0197111
0.01756311
0.01535364
0.01309986
0.01082544
0.00856861
0.00640652
0.0045383
0.00352172
0.00352172
0.00407
0.00574134
0.00782665
0.01004445
0.01229268
0.01452474
0.01671375
0.01884115
0.02089251
0.0228557
0.02472017
0.02647652
0.0281163
0.02963195
0.03101672
0.03226469
0.03337073
0.03433057
0.03514077
0.03579876
0.03630288
0.03665235
0.03684738
0.03677973
0.03652244
0.03612157
0.03558256
0.03491209
0.02114625
0.01057396
0.03219913
0.03109774
0.02992075
0.02868519
0.02741075
0.02612017
0.02483974
0.02359962
0.02243406
0.02138101
0.02048094
0.01977427
0.01929732
0.01907733
0.01907733
0.0191277
0.01944532
0.02001127
0.02079436
0.02175621
0.02285599
0.02405397
0.02531347
0.02660176
0.02789013
0.02915367
0.03037081
0.03152288
0.03259376
0.03356947
0.03443795
0.03518883
0.03581322
0.03630365
0.0366539
0.03685894
0.03681892
0.03656927
0.03616513
0.03560671
0.03489512
0.03403241
0.0330215
0.0318662
0.03057117
0.02914191
0.02758478
0.02590697
0.0241166
0.02222276
0.0202357
0.01816717
0.01603106
0.01384477
0.01163218
0.00943084
0.00731133
0.00543473
0.00420243
0.00420243
0.00425308
0.00555522
0.00746943
0.00961675
0.01184541
0.01408802
0.01630815
0.0184823
0.0205931
0.02262655
0.02457071
0.02641504
0.02815015
0.02976758
0.03125972
0.03261982
0.03384192
0.03492087
0.03585237
0.03663293
0.03725996
0.0317152
3.33066907e-16
0.0317152
0.03806359
0.03776552
0.03732166
0.0367372
0.03601849
0.03517309
0.03420991
0.03313929
0.0319732
0.03072546
0.02941198
0.02805114
0.0266642
0.02527583
0.02391457
0.02261335
0.02140952
0.02034431
0.01946101
0.0188014
0.01840059
0.01828095
0.01828095
0.01844749
0.01888662
0.0195689
0.02045459
0.02149961
0.02266023
0.02389592
0.02517065
0.02645307
0.02771624
0.0289371
0.03009594
0.03117587
0.03216242
0.03304321
0.03380766
0.03444683
0.03495324
0.03532073
0.03554441
0.03554659
0.03532101
0.03494335
0.0344142
0.03373517
0.03290886
0.03193891
0.03082996
0.02958775
0.02821912
0.02673219
0.02513646
0.02344315
0.02166563
0.01982024
0.01792756
0.01601471
0.01411935
0.01229675
0.01063161
0.00925416
0.0083463
0.00809404
0.00809404
0.0085674
0.00965942
0.01117977
0.01296126
0.0148883
0.01688571
0.01890366
0.0209074
0.02287122
0.02477509
0.02660272
0.02834041
0.02997636
0.03150035
0.01057396
0.02114625
0.0353162
0.03631331
0.03716405
0.03786442
0.03841136
0.03880274
0.03903734
0.03903604
0.03880244
0.0384167
0.03788244
0.03720431
0.03638808
0.03544063
0.03437007
0.03318584
0.03189888
0.03052179
0.02906915
0.02755785
0.02600766
0.02444184
0.02288797
0.02137898
0.01995402
0.01865905
0.01754618
0.01667063
0.01608422
0.01582564
0.01582564
0.0159106
0.01632692
0.01703772
0.01799063
0.01912823
0.02039551
0.02174373
0.02313149
0.02452425
0.02589344
0.02721531
0.02847005
0.02964104
0.03071427
0.03167791
0.03252199
0.0332382
0.03381966
0.03426086
0.03455753
0.03470614
0.03455533
0.03425447
0.03380495
0.03320927
0.03247107
0.03159516
0.0305876
0.0294558
0.02820868
0.0268569
0.02541318
0.02389282
0.02231443
0.020701
0.01908151
0.01749317
0.01598434
0.01461775
0.01347226
0.01263893
0.0122058
0.0122058
0.0122309
0.01271788
0.01361524
0.01483956
0.01630252
0.01792656
0.01964935
0.01778639
0.01057396
0.02497595
0.02670281
0.02836862
0.02995682
0.03145327
0.03284579
0.03412385
0.03527829
0.03630121
0.03718586
0.03792655
0.03851863
0.03895842
0.03924325
0.03934197
0.03915526
0.03881233
0.03831525
0.03766705
0.03687172
0.03593428
0.03486077
0.03365831
0.0323352
0.03090105
0.02936689
0.02774551
0.02605178
0.02430322
0.02252086
0.02073043
0.01896419
0.0172633
0.01568098
0.01428535
0.01315954
0.01239395
0.01206543
0.01206543
0.01220833
0.0127975
0.0137594
0.01500085
0.01643316
0.01798274
0.01959216
0.02121745
0.0228247
0.02438741
0.02588438
0.02729837
0.02861515
0.02982282
0.03091143
0.03187267
0.03269964
0.03338677
0.03392968
0.03432516
0.03457111
0.03461154
0.03440733
0.03405623
0.03356171
0.03292845
0.03216243
0.03127098
0.03026294
0.02914887
0.02794127
0.02665498
0.02530762
0.02392023
0.02251816
0.02113198
0.01979868
0.01856256
0.01747533
0.01659427
0.01597707
0.01567282
0.01567282
