###############################################
# Alcances iniciales
# Version 1
# 
###############################################
0.05579751
0.05561664
0.05542919
0.05523523
0.05503482
0.05482804
0.05461497
0.05439569
0.05417028
0.05393882
0.05370141
0.05345813
0.05312316
0.05277835
0.05242934
0.05207629
0.05171938
0.05135878
0.05099466
0.0506272
0.0502566
0.04988305
0.04950674
0.04912789
0.0487467
0.04836339
0.04797818
0.0475913
0.04720299
0.04681348
0.04642303
0.04603189
0.04564032
0.0452486
0.04485701
0.04446581
0.04407532
0.04368582
0.04329764
0.04291107
0.04252646
0.04214412
0.0417644
0.04138766
0.04101424
0.04064451
0.04027884
0.03991762
0.03956122
0.03921006
0.03886452
0.03852501
0.03819196
0.03786578
0.03754688
0.03723571
0.03693269
0.03663826
0.03635284
0.03607688
0.0358108
0.03555503
0.03531
0.03507613
0.03485382
0.03464349
0.03444552
0.03426029
0.03408817
0.0339295
0.03378461
0.0336538
0.03353737
0.0333778
0.03313538
0.03290273
0.03268025
0.03246833
0.03226734
0.03207765
0.03189962
0.0317336
0.03157991
0.03143887
0.03131078
0.03119591
0.03109451
0.03117054
0.03128369
0.03141067
0.03155126
0.03170521
0.03187227
0.03205217
0.03224459
0.03244923
0.03266575
0.03289382
0.03313307
0.03338316
0.0335115
0.03362581
0.03375512
0.0338992
0.0340578
0.03423066
0.03441748
0.03461795
0.03483175
0.03505852
0.03529791
0.03554953
0.03581301
0.03608794
0.03637393
0.03667055
0.03697741
0.03729407
0.03762013
0.03795515
0.03829872
0.03865043
0.03900985
0.03937658
0.0397502
0.04013031
0.04051651
0.04090842
0.04130564
0.04170779
0.04211451
0.04252542
0.04294017
0.0433584
0.04377978
0.04420397
0.04463064
0.04505946
0.04549014
0.04592235
0.0463558
0.0467902
0.04722527
0.04766074
0.04809632
0.04853176
0.0489668
0.04940119
0.04983469
0.05026707
0.05069808
0.05112751
0.05155513
0.05198074
0.05240412
0.05282507
0.05324339
0.0536589
0.0540714
0.0544807
0.05488664
0.05528904
0.05568772
0.05608253
0.0564733
0.05685987
0.0572421
0.05761983
0.05799292
0.05832281
0.05858764
0.05884638
0.05909894
0.05934524
0.05958521
0.05981877
0.06004584
0.06026635
0.06048023
0.06068742
0.06088784
0.06108144
0.06126815
0.06144792
0.06162068
0.06178639
0.06194499
0.06209643
0.06224066
0.06237764
0.06250732
0.06262965
0.06274461
0.06285215
0.06295223
0.06304482
0.06312988
0.0632074
0.06327733
0.06333965
0.06339434
0.06344137
0.06348072
0.06351238
0.06353632
0.06355254
0.06356101
0.06356173
0.06355468
0.06353987
0.06351727
0.06348689
0.06344873
0.06340278
0.06344137
0.06348072
0.06351238
0.06353632
0.06355254
0.06356101
0.06356173
0.06355468
0.06353987
0.06351727
0.06348689
0.06344873
0.06340278
0.06334905
0.06328754
0.06321825
0.0631412
0.06305638
0.06296381
0.06286351
0.06275549
0.06263976
0.06251634
0.06238525
0.06224651
0.06210015
0.06194619
0.06178466
0.06161558
0.06143899
0.06125493
0.06106342
0.0608645
0.06065822
0.0604446
0.0602237
0.05999556
0.05976022
0.05951773
0.05926815
0.05901152
0.0587236
0.05833858
0.05794723
0.05754965
0.05714595
0.05673623
0.05632059
0.05589916
0.05547203
0.05503933
0.05460118
0.0541577
0.05370902
0.05325527
0.05279658
0.05233309
0.05186494
0.05139228
0.05091527
0.05043404
0.04994878
0.04945963
0.04896677
0.04847037
0.04797062
0.0474677
0.04696179
0.04645311
0.04594185
0.04542822
0.04491245
0.04439475
0.04387536
0.04335453
0.0428325
0.04230952
0.04178588
0.04126185
0.04073771
0.04021377
0.03969033
0.03916772
0.03864627
0.03812633
0.03760826
0.03709244
0.03657926
0.03606912
0.03556244
0.03505967
0.03456125
0.03406767
0.03357941
0.03309698
0.03262092
0.03215177
0.03169009
0.03123648
0.03079155
0.03035591
0.02993021
0.0295151
0.02911128
0.02871942
0.02834024
0.02797444
0.02762274
0.02728588
0.02696457
0.02665954
0.0263715
0.02610115
0.02584917
0.02561622
0.02540293
0.02520987
0.02503759
0.02488659
0.02475731
0.02465011
0.02456532
0.02450316
0.02446381
0.02444735
0.02436146
0.02411883
0.02389357
0.02368627
0.02349751
0.0233278
0.02317763
0.02325477
0.02341359
0.02359105
0.02378658
0.0239996
0.02422945
0.02444735
0.02445379
0.02448307
0.02453504
0.02460948
0.02470609
0.02482452
0.02496433
0.02512504
0.0253061
0.02550694
0.02572693
0.02596539
0.02622165
0.02649499
0.02678467
0.02708997
0.02741012
0.0277444
0.02809205
0.02845234
0.02882453
0.02920791
0.02960179
0.03000547
0.03041829
0.0308396
0.03126876
0.03170518
0.03214825
0.03259742
0.03305212
0.03351184
0.03397606
0.03444429
0.03491607
0.03539093
0.03586845
0.03634821
0.0368298
0.03731284
0.03779695
0.03828179
0.038767
0.03925227
0.03973727
0.0402217
0.04070526
0.04118769
0.04166869
0.04214802
0.04262542
0.04310066
0.04357348
0.04404368
0.04451103
0.04497532
0.04543636
0.04589394
0.04634787
0.04679798
0.04724409
0.04768602
0.04812361
0.0485567
0.04898514
0.04940877
0.04982745
0.05024105
0.05064941
0.05105242
0.05144994
0.05184186
0.05222804
0.05260838
0.05298277
0.05335108
0.05371323
0.05406467
0.05430177
0.05453192
0.05475508
0.05497118
0.05518019
0.05538205
0.05557672
0.05576417
0.05594436
0.05611724
0.05628278
0.05644095
0.05659172
0.05673506
0.05687095
0.05699936
0.05712026
0.05723364
0.05733948
0.05743776
0.05752847
0.0576116
0.05768713
0.05775506
0.05781538
0.05786809
0.05791319
0.05795067
0.05798053
0.05800279
0.05801744
0.0580245
0.05802397
0.05801587
0.05800021
0.057977
0.05794627
0.05790803
0.05786809
0.05791319
0.05795067
0.05798053
0.05800279
0.05801744
0.0580245
0.05802397
0.05801587
0.05800021
0.057977
0.05794627
0.05790803
0.05786231
0.05780913
0.05774851
0.05768049
0.0576051
0.05752236
0.05743232
0.05733501
0.05723046
0.05711873
0.05699985
0.05687387
0.05674083
0.0566008
0.05645381
0.05629993
0.05613922
0.05597172
0.05579751
0.05561664
0.05542919
0.05523523
0.05503482
0.05482804
0.05461497
0.05439569
0.05417028
0.05393882
0.05370141
0.05345813
0.05312316
0.05277835
0.05242934
0.05207629
0.05171938
0.05135878
0.05099466
0.0506272
0.0502566
0.04988305
0.04950674
0.04912789
0.0487467
0.04836339
0.04797818
0.0475913
0.04720299
0.04681348
0.04642303
0.04603189
0.04564032
0.0452486
0.04485701
0.04446581
0.04407532
0.04368582
0.04329764
0.04291107
0.04252646
0.04214412
0.0417644
0.04138766
0.04101424
0.04064451
0.04027884
0.03991762
0.03956122
0.03921006
0.03886452
0.03852501
0.03819196
0.03786578
0.03754688
0.03723571
0.03693269
0.03663826
0.03635284
0.03607688
0.0358108
0.03555503
0.03531
0.03507613
0.03485382
0.03464349
0.03444552
0.03426029
0.03408817
0.0339295
0.03378461
0.0336538
0.03353737
0.0333778
0.03313538
0.03290273
0.03268025
0.03246833
0.03226734
0.03207765
0.03189962
0.0317336
0.03157991
0.03143887
0.03131078
0.03119591
0.03109451
0.03117054
0.03128369
0.03141067
0.03155126
0.03170521
0.03187227
0.03205217
0.03224459
0.03244923
0.03266575
0.03289382
0.03313307
0.03338316
0.0335115
0.03362581
0.03375512
0.0338992
0.0340578
0.03423066
0.03441748
0.03461795
0.03483175
0.03505852
0.03529791
0.03554953
0.03581301
0.03608794
0.03637393
0.03667055
0.03697741
0.03729407
0.03762013
0.03795515
0.03829872
0.03865043
0.03900985
0.03937658
0.0397502
0.04013031
0.04051651
0.04090842
0.04130564
0.04170779
0.04211451
0.04252542
0.04294017
0.0433584
0.04377978
0.04420397
0.04463064
0.04505946
0.04549014
0.04592235
0.0463558
0.0467902
0.04722527
0.04766074
0.04809632
0.04853176
0.0489668
0.04940119
0.04983469
0.05026707
0.05069808
0.05112751
0.05155513
0.05198074
0.05240412
0.05282507
0.05324339
0.0536589
0.0540714
0.0544807
0.05488664
0.05528904
0.05568772
0.05608253
0.0564733
0.05685987
0.0572421
0.05761983
0.05799292
0.05832281
0.05858764
0.05884638
0.05909894
0.05934524
0.05958521
0.05981877
0.06004584
0.06026635
0.06048023
0.06068742
0.06088784
0.06108144
0.06126815
0.06144792
0.06162068
0.06178639
0.06194499
0.06209643
0.06224066
0.06237764
0.06250732
0.06262965
0.06274461
0.06285215
0.06295223
0.06304482
0.06312988
0.0632074
0.06327733
0.06333965
0.06339434
0.06344137
0.06348072
0.06351238
0.06353632
0.06355254
0.06356101
0.06356173
0.06355468
0.06353987
0.06351727
0.06348689
0.06344873
0.06340278
0.06344137
0.06348072
0.06351238
0.06353632
0.06355254
0.06356101
0.06356173
0.06355468
0.06353987
0.06351727
0.06348689
0.06344873
0.06340278
0.06334905
0.06328754
0.06321825
0.0631412
0.06305638
0.06296381
0.06286351
0.06275549
0.06263976
0.06251634
0.06238525
0.06224651
0.06210015
0.06194619
0.06178466
0.06161558
0.06143899
0.06125493
0.06106342
0.0608645
0.06065822
0.0604446
0.0602237
0.05999556
0.05976022
0.05951773
0.05926815
0.05901152
0.0587236
0.05833858
0.05794723
0.05754965
0.05714595
0.05673623
0.05632059
0.05589916
0.05547203
0.05503933
0.05460118
0.0541577
0.05370902
0.05325527
0.05279658
0.05233309
0.05186494
0.05139228
0.05091527
0.05043404
0.04994878
0.04945963
0.04896677
0.04847037
0.04797062
0.0474677
0.04696179
0.04645311
0.04594185
0.04542822
0.04491245
0.04439475
0.04387536
0.04335453
0.0428325
0.04230952
0.04178588
0.04126185
0.04073771
0.04021377
0.03969033
0.03916772
0.03864627
0.03812633
0.03760826
0.03709244
0.03657926
0.03606912
0.03556244
0.03505967
0.03456125
0.03406767
0.03357941
0.03309698
0.03262092
0.03215177
0.03169009
0.03123648
0.03079155
0.03035591
0.02993021
0.0295151
0.02911128
0.02871942
0.02834024
0.02797444
0.02762274
0.02728588
0.02696457
0.02665954
0.0263715
0.02610115
0.02584917
0.02561622
0.02540293
0.02520987
0.02503759
0.02488659
0.02475731
0.02465011
0.02456532
0.02450316
0.02446381
0.02444735
0.02436146
0.02411883
0.02389357
0.02368627
0.02349751
0.0233278
0.02317763
0.02325477
0.02341359
0.02359105
0.02378658
0.0239996
0.02422945
0.02444735
0.02445379
0.02448307
0.02453504
0.02460948
0.02470609
0.02482452
0.02496433
0.02512504
0.0253061
0.02550694
0.02572693
0.02596539
0.02622165
0.02649499
0.02678467
0.02708997
0.02741012
0.0277444
0.02809205
0.02845234
0.02882453
0.02920791
0.02960179
0.03000547
0.03041829
0.0308396
0.03126876
0.03170518
0.03214825
0.03259742
0.03305212
0.03351184
0.03397606
0.03444429
0.03491607
0.03539093
0.03586845
0.03634821
0.0368298
0.03731284
0.03779695
0.03828179
0.038767
0.03925227
0.03973727
0.0402217
0.04070526
0.04118769
0.04166869
0.04214802
0.04262542
0.04310066
0.04357348
0.04404368
0.04451103
0.04497532
0.04543636
0.04589394
0.04634787
0.04679798
0.04724409
0.04768602
0.04812361
0.0485567
0.04898514
0.04940877
0.04982745
0.05024105
0.05064941
0.05105242
0.05144994
0.05184186
0.05222804
0.05260838
0.05298277
0.05335108
0.05371323
0.05406467
0.05430177
0.05453192
0.05475508
0.05497118
0.05518019
0.05538205
0.05557672
0.05576417
0.05594436
0.05611724
0.05628278
0.05644095
0.05659172
0.05673506
0.05687095
0.05699936
0.05712026
0.05723364
0.05733948
0.05743776
0.05752847
0.0576116
0.05768713
0.05775506
0.05781538
0.05786809
0.05791319
0.05795067
0.05798053
0.05800279
0.05801744
0.0580245
0.05802397
0.05801587
0.05800021
0.057977
0.05794627
0.05790803
0.05786809
0.05791319
0.05795067
0.05798053
0.05800279
0.05801744
0.0580245
0.05802397
0.05801587
0.05800021
0.057977
0.05794627
0.05790803
0.05786231
0.05780913
0.05774851
0.05768049
0.0576051
0.05752236
0.05743232
0.05733501
0.05723046
0.05711873
0.05699985
0.05687387
0.05674083
0.0566008
0.05645381
0.05629993
0.05613922
0.05597172
