###############################################
# Alcances iniciales
# Version 1
# 
###############################################
0.0037104
0.0037104
0.00473501
0.00657349
0.00870167
0.01092319
0.01315957
0.01537154
0.0175349
0.01963229
0.02164986
0.02357589
0.02540013
0.02711341
0.02870756
0.03017524
0.03150998
0.0327061
0.03375877
0.02516715
0.02771479
0.03602046
0.03646808
0.03676109
0.03688638
0.03672273
0.03641267
0.03596091
0.03537336
0.03465716
0.03382079
0.03287423
0.03182907
0.03069874
0.02949878
0.02824713
0.02696453
0.02567496
0.02440606
0.02318945
0.02206075
0.02105897
0.02022487
0.01959783
0.01921142
0.01908828
0.01908828
0.01923597
0.01964546
0.02029292
0.02114404
0.02215915
0.02329756
0.02452051
0.02579274
0.02708298
0.02836397
0.02961203
0.0308067
0.03193026
0.0329674
0.03390485
0.03473119
0.03543658
0.03013271
0.02830413
0.03675014
0.03690112
0.03675003
0.03644411
0.03598371
0.03536936
0.03460251
0.03368553
0.03262168
0.03141508
0.03007069
0.02859434
0.02699269
0.02527329
0.02344459
0.02151611
0.01949864
0.01740464
0.01524917
0.01305162
0.01083989
0.00866058
0.00660771
0.00490733
0.0040823
0.0040823
0.00464675
0.00623068
0.00825158
0.01043613
0.01267299
0.01490901
0.01711343
0.01926532
0.02134867
0.02335027
0.0252587
0.02706385
0.02875665
0.03032894
0.03177343
0.03308363
0.03425388
0.03510593
0.02830413
0.03659358
0.03745104
0.03786575
0.03812428
0.03817554
0.03797205
0.03762002
0.03712393
0.03648938
0.03572315
0.03483325
0.03382911
0.03272163
0.03152341
0.03024897
0.02891509
0.02754111
0.02614948
0.02476618
0.02342134
0.02214949
0.02098954
0.01998381
0.01917562
0.01860511
0.01830354
0.01828744
0.01828744
0.01855505
0.01908646
0.01984774
0.02079685
0.0218893
0.02308222
0.0243366
0.02561808
0.02689693
0.0281477
0.02934859
0.03048097
0.03152886
0.0324786
0.03331849
0.03403857
0.02516715
0.02771479
0.03540289
0.03557334
0.03546611
0.03518512
0.0347521
0.034168
0.03343478
0.03255541
0.03153387
0.03037521
0.02908552
0.02767207
0.02614344
0.02450966
0.02278262
0.02097659
0.01910918
0.01720287
0.01528789
0.01340705
0.01162452
0.01003973
0.00880341
0.00811127
0.00811127
0.00812495
0.00884814
0.01012517
0.01176375
0.01361461
0.01557873
0.01759189
0.01961085
0.02160485
0.02355069
0.02542995
0.02722746
0.02893033
0.0305274
0.03200894
0.03336642
0.03459239
0.03568039
0.03022087
0.02311121
0.03806634
0.03855683
0.03889114
0.03906839
0.03895292
0.03866321
0.03822247
0.03763471
0.03690495
0.03603936
0.03504524
0.03393117
0.03270708
0.03138449
0.02997664
0.0284989
0.0269691
0.02540818
0.02384085
0.02229649
0.02081023
0.01942371
0.01818545
0.01714941
0.01637085
0.0158984
0.01576367
0.01576367
0.0159725
0.01650278
0.01731045
0.01833989
0.01953357
0.02083832
0.02220793
0.02360354
0.02499291
0.02634932
0.02765058
0.02887814
0.0300164
0.03105221
0.0305106
0.02105406
0.014438
0.01507321
0.02233743
0.03196682
0.03464824
0.03444303
0.03408808
0.03358517
0.0329372
0.03214824
0.03122354
0.03016962
0.02899441
0.02770743
0.02632
0.02484571
0.02330093
0.02170569
0.02008492
0.01847026
0.0169026
0.01543522
0.01413684
0.01309197
0.01239352
0.0121226
0.0121226
0.01231957
0.01296636
0.01399592
0.01531989
0.01685242
0.01852128
0.02026943
0.02205263
0.02383638
0.02559328
0.02730107
0.02894129
0.03049835
0.03195891
0.03331143
0.03454591
0.03565368
0.03662727
0.02347995
0.01671259
0.03868473
0.03906844
0.03929639
0.0392804
0.03903653
0.03863703
0.03808433
0.03738179
0.03653378
0.03554567
0.03442389
0.03317596
0.03181064
0.030338
0.02876969
0.02711917
0.02540217
0.02363736
0.02184729
0.02005978
0.01831
0.01664313
0.01511763
0.01380754
0.01280051
0.01218563
0.01202798
0.01202798
0.01234092
0.01307859
0.01415628
0.01547989
0.0169654
0.0185452
0.02016713
0.02179129
0.02338679
0.02492928
0.02639919
0.02778048
0.02905986
0.03022622
0.03127023
0.03218414
0.03296155
0.03359734
0.03408757
0.03442946
0.0346213
0.0345536
0.03429618
0.03389299
0.03334795
0.0326662
0.0318542
0.03091982
0.02987252
0.02872352
0.02748614
0.02617617
0.0248124
0.02341736
0.02201815
0.02064757
0.01934517
0.01815797
0.01714002
0.01634947
0.01584201
0.01566074
0.01566074
0.01582574
0.01632858
0.01713526
0.01819554
0.01945345
0.02085498
0.02235198
0.02390327
0.02547423
0.02703595
0.02856408
0.03003806
0.0314403
0.03275568
0.03397115
0.03507538
0.03605858
0.03691229
0.02347995
0.01671259
0.03863036
0.0389055
0.03899057
0.03879767
0.03844749
0.03794098
0.03727999
0.0364673
0.03550659
0.03440244
0.03316036
0.03178681
0.03028922
0.02867608
0.02695705
0.02514318
0.02324721
0.02128413
0.01927209
0.01723403
0.01520054
0.013215
0.01134304
0.00968812
0.00841041
0.0077193
0.0077193
0.00777786
0.00856237
0.00988354
0.01153409
0.01336405
0.01527812
0.01721591
0.01913738
0.02101425
0.02282534
0.02455401
0.02618665
0.02771188
0.02912004
0.03040287
0.0305106
0.02105406
0.014438
0.01507321
0.02233743
0.03196682
0.03541862
0.0355
0.0353165
0.0349877
0.03451817
0.0339137
0.0331814
0.03232978
0.03136892
0.03031067
0.02916886
0.02795965
0.02670192
0.02541775
0.02413299
0.02287779
0.02168704
0.02060036
0.01966119
0.01891439
0.01840202
0.01815743
0.01815743
0.01819927
0.01852761
0.01912412
0.01995605
0.0209823
0.02215907
0.023444
0.02479834
0.02618787
0.02758282
0.02895751
0.03028984
0.03156072
0.03275363
0.03385426
0.0348502
0.03573071
0.03648653
0.03022087
0.02311121
0.03793305
0.03812325
0.03804415
0.03777124
0.03734196
0.03675688
0.03601749
0.03512613
0.03408601
0.03290121
0.03157659
0.03011783
0.02853141
0.02682459
0.02500547
0.02308299
0.02106708
0.01896886
0.0168011
0.01457908
0.01232261
0.01006068
0.00784407
0.00578394
0.00417757
0.0037104
0.0037104
0.00473501
0.00657349
0.00870167
0.01092319
0.01315957
0.01537154
0.0175349
0.01963229
0.02164986
0.02357589
0.02540013
0.02711341
0.02870756
0.03017524
0.03150998
0.0327061
0.03375877
0.02516715
0.02771479
0.03602046
0.03646808
0.03676109
0.03688638
0.03672273
0.03641267
0.03596091
0.03537336
0.03465716
0.03382079
0.03287423
0.03182907
0.03069874
0.02949878
0.02824713
0.02696453
0.02567496
0.02440606
0.02318945
0.02206075
0.02105897
0.02022487
0.01959783
0.01921142
0.01908828
0.01908828
0.01923597
0.01964546
0.02029292
0.02114404
0.02215915
0.02329756
0.02452051
0.02579274
0.02708298
0.02836397
0.02961203
0.0308067
0.03193026
0.0329674
0.03390485
0.03473119
0.03543658
0.03013271
0.02830413
0.03675014
0.03690112
0.03675003
0.03644411
0.03598371
0.03536936
0.03460251
0.03368553
0.03262168
0.03141508
0.03007069
0.02859434
0.02699269
0.02527329
0.02344459
0.02151611
0.01949864
0.01740464
0.01524917
0.01305162
0.01083989
0.00866058
0.00660771
0.00490733
0.0040823
0.0040823
0.00464675
0.00623068
0.00825158
0.01043613
0.01267299
0.01490901
0.01711343
0.01926532
0.02134867
0.02335027
0.0252587
0.02706385
0.02875665
0.03032894
0.03177343
0.03308363
0.03425388
0.03510593
0.02830413
0.03659358
0.03745104
0.03786575
0.03812428
0.03817554
0.03797205
0.03762002
0.03712393
0.03648938
0.03572315
0.03483325
0.03382911
0.03272163
0.03152341
0.03024897
0.02891509
0.02754111
0.02614948
0.02476618
0.02342134
0.02214949
0.02098954
0.01998381
0.01917562
0.01860511
0.01830354
0.01828744
0.01828744
0.01855505
0.01908646
0.01984774
0.02079685
0.0218893
0.02308222
0.0243366
0.02561808
0.02689693
0.0281477
0.02934859
0.03048097
0.03152886
0.0324786
0.03331849
0.03403857
0.02516715
0.02771479
0.03540289
0.03557334
0.03546611
0.03518512
0.0347521
0.034168
0.03343478
0.03255541
0.03153387
0.03037521
0.02908552
0.02767207
0.02614344
0.02450966
0.02278262
0.02097659
0.01910918
0.01720287
0.01528789
0.01340705
0.01162452
0.01003973
0.00880341
0.00811127
0.00811127
0.00812495
0.00884814
0.01012517
0.01176375
0.01361461
0.01557873
0.01759189
0.01961085
0.02160485
0.02355069
0.02542995
0.02722746
0.02893033
0.0305274
0.03200894
0.03336642
0.03459239
0.03568039
0.03022087
0.02311121
0.03806634
0.03855683
0.03889114
0.03906839
0.03895292
0.03866321
0.03822247
0.03763471
0.03690495
0.03603936
0.03504524
0.03393117
0.03270708
0.03138449
0.02997664
0.0284989
0.0269691
0.02540818
0.02384085
0.02229649
0.02081023
0.01942371
0.01818545
0.01714941
0.01637085
0.0158984
0.01576367
0.01576367
0.0159725
0.01650278
0.01731045
0.01833989
0.01953357
0.02083832
0.02220793
0.02360354
0.02499291
0.02634932
0.02765058
0.02887814
0.0300164
0.03105221
0.0305106
0.02105406
0.014438
0.01507321
0.02233743
0.03196682
0.03464824
0.03444303
0.03408808
0.03358517
0.0329372
0.03214824
0.03122354
0.03016962
0.02899441
0.02770743
0.02632
0.02484571
0.02330093
0.02170569
0.02008492
0.01847026
0.0169026
0.01543522
0.01413684
0.01309197
0.01239352
0.0121226
0.0121226
0.01231957
0.01296636
0.01399592
0.01531989
0.01685242
0.01852128
0.02026943
0.02205263
0.02383638
0.02559328
0.02730107
0.02894129
0.03049835
0.03195891
0.03331143
0.03454591
0.03565368
0.03662727
0.02347995
0.01671259
0.03868473
0.03906844
0.03929639
0.0392804
0.03903653
0.03863703
0.03808433
0.03738179
0.03653378
0.03554567
0.03442389
0.03317596
0.03181064
0.030338
0.02876969
0.02711917
0.02540217
0.02363736
0.02184729
0.02005978
0.01831
0.01664313
0.01511763
0.01380754
0.01280051
0.01218563
0.01202798
0.01202798
0.01234092
0.01307859
0.01415628
0.01547989
0.0169654
0.0185452
0.02016713
0.02179129
0.02338679
0.02492928
0.02639919
0.02778048
0.02905986
0.03022622
0.03127023
0.03218414
0.03296155
0.03359734
0.03408757
0.03442946
0.0346213
0.0345536
0.03429618
0.03389299
0.03334795
0.0326662
0.0318542
0.03091982
0.02987252
0.02872352
0.02748614
0.02617617
0.0248124
0.02341736
0.02201815
0.02064757
0.01934517
0.01815797
0.01714002
0.01634947
0.01584201
0.01566074
0.01566074
0.01582574
0.01632858
0.01713526
0.01819554
0.01945345
0.02085498
0.02235198
0.02390327
0.02547423
0.02703595
0.02856408
0.03003806
0.0314403
0.03275568
0.03397115
0.03507538
0.03605858
0.03691229
0.02347995
0.01671259
0.03863036
0.0389055
0.03899057
0.03879767
0.03844749
0.03794098
0.03727999
0.0364673
0.03550659
0.03440244
0.03316036
0.03178681
0.03028922
0.02867608
0.02695705
0.02514318
0.02324721
0.02128413
0.01927209
0.01723403
0.01520054
0.013215
0.01134304
0.00968812
0.00841041
0.0077193
0.0077193
0.00777786
0.00856237
0.00988354
0.01153409
0.01336405
0.01527812
0.01721591
0.01913738
0.02101425
0.02282534
0.02455401
0.02618665
0.02771188
0.02912004
0.03040287
0.0305106
0.02105406
0.014438
0.01507321
0.02233743
0.03196682
0.03541862
0.0355
0.0353165
0.0349877
0.03451817
0.0339137
0.0331814
0.03232978
0.03136892
0.03031067
0.02916886
0.02795965
0.02670192
0.02541775
0.02413299
0.02287779
0.02168704
0.02060036
0.01966119
0.01891439
0.01840202
0.01815743
0.01815743
0.01819927
0.01852761
0.01912412
0.01995605
0.0209823
0.02215907
0.023444
0.02479834
0.02618787
0.02758282
0.02895751
0.03028984
0.03156072
0.03275363
0.03385426
0.0348502
0.03573071
0.03648653
0.03022087
0.02311121
0.03793305
0.03812325
0.03804415
0.03777124
0.03734196
0.03675688
0.03601749
0.03512613
0.03408601
0.03290121
0.03157659
0.03011783
0.02853141
0.02682459
0.02500547
0.02308299
0.02106708
0.01896886
0.0168011
0.01457908
0.01232261
0.01006068
0.00784407
0.00578394
0.00417757
