###############################################
# Alcances iniciales
# Version 1
# 
###############################################
0.1366273
0.13555537
0.11766567
0.10010778
0.0835352
0.06909267
0.05874912
0.05511054
0.05949503
0.06786846
0.07619402
0.08424931
0.09217467
0.10007504
0.10794901
0.11579531
0.12361284
0.13140064
0.13915794
0.14688409
0.1545786
0.16224112
0.16987142
0.17746939
0.18503501
0.18461436
0.17562567
0.16657641
0.15746622
0.1482952
0.1390639
0.12977335
0.12042504
0.11102096
0.10156353
0.09205567
0.08208223
0.0720037
0.06568702
0.0660253
0.07292051
0.08468012
0.09941812
0.11578147
0.1329198
0.14669826
0.14828428
0.13122583
0.11413957
0.09789343
0.08337815
0.0720037
0.06568702
0.0660253
0.07292051
0.08310913
0.09288721
0.10245656
0.1119684
0.11970336
0.11510081
0.11087489
0.10707267
0.10374294
0.10093437
0.09844095
0.09650061
0.09518471
0.09451977
0.09451977
0.09518471
0.09650061
0.09844095
0.10096909
0.10404135
0.10761008
0.11162644
0.11153313
0.10331166
0.09490921
0.08645647
0.07795639
0.06941235
0.06082815
0.05732113
0.06154694
0.07208809
0.0865107
0.1029848
0.12042294
0.13818996
0.1372081
0.13665571
0.11884086
0.10141464
0.08504507
0.07087945
0.06082815
0.05732113
0.06154694
0.07019842
0.07879635
0.08733576
0.09566169
0.10384519
0.10540821
0.10318812
0.10116577
0.09939754
0.09789816
0.09668096
0.09575733
0.09513633
0.09482422
0.09482422
0.09513633
0.09575733
0.09668096
0.09693937
0.09167941
0.08640116
0.08110483
0.07579076
0.0704594
0.06511135
0.0597473
0.05436808
0.04897465
0.04356806
0.03814947
0.03930864
0.05049087
0.06669379
0.08487943
0.1037569
0.1227292
0.13749314
0.13803208
0.11917013
0.10013592
0.08129472
0.06333181
0.04777379
0.03814947
0.03930864
0.04485034
0.05036406
0.05576451
0.06104928
0.06632714
0.07159758
0.0768601
0.08211425
0.08735956
0.09259559
0.09782194
0.09527889
0.09169239
0.08809572
0.08448805
0.08086864
0.07723679
0.07359191
0.06993349
0.06626114
0.06257459
0.05887366
0.05515834
0.05142873
0.04768507
0.04392774
0.04015724
0.03637422
0.03257944
0.02877378
0.02634635
0.03642875
0.05353523
0.07267623
0.09235035
0.11200242
0.13135183
0.13148208
0.12402489
0.1045465
0.08485298
0.06529589
0.04665445
0.03129184
0.02634635
0.03009837
0.03384589
0.03758847
0.04132571
0.04505725
0.04878277
0.05250201
0.05621474
0.05992078
0.06361998
0.06731227
0.07099757
0.07467589
0.07834726
0.08201171
0.08566935
0.08932028
0.09296465
0.09660259
0.10023427
0.10385986
0.09798197
0.09195417
0.08590896
0.07984712
0.07376953
0.0676771
0.0615708
0.05529576
0.04888728
0.04317947
0.0459394
0.05717653
0.07293306
0.09067657
0.10919474
0.12787913
0.135787
0.13631063
0.11773708
0.09913612
0.08096949
0.06410442
0.05035153
0.04317947
0.0459394
0.05241386
0.05865202
0.06478474
0.0709055
0.07701335
0.08310738
0.08918672
0.09525055
0.10129807
0.10732856
0.11334131
0.11933567
0.12531103
0.1312668
0.13720242
0.14311739
0.1490112
0.15488338
0.149914
0.14190881
0.1338563
0.12575708
0.11761208
0.10942252
0.10118995
0.09291623
0.08460353
0.07625102
0.06745229
0.05945765
0.05784469
0.06381641
0.07550675
0.09056194
0.10735797
0.12494377
0.14275658
0.1414599
0.13221152
0.11450612
0.09731861
0.08140971
0.06808951
0.05945765
0.05784469
0.06381641
0.07266622
0.08109383
0.0894834
0.09783214
0.10613759
0.11439762
0.12261046
0.13077469
0.13888922
0.14695335
0.15496669
0.16292919
0.17084111
0.178703
0.17446224
0.16674445
0.1589814
0.15117291
0.14331903
0.13542005
0.12747652
0.11948927
0.1114594
0.10338831
0.09527766
0.0871294
0.07894575
0.07068616
0.06199495
0.05651666
0.05883032
0.06810609
0.08187485
0.09806258
0.11541534
0.13321257
0.13966622
0.14079462
0.12291225
0.10527413
0.08846008
0.07346286
0.06199495
0.05651666
0.05883032
0.06713717
0.0754106
0.08364225
0.09183052
0.09997256
0.10806592
0.11610851
0.12409866
0.13203511
0.13991699
0.14241766
0.13868413
0.13343437
0.12816304
0.12287086
0.11755854
0.1122268
0.10687637
0.10150802
0.0961225
0.0907206
0.08530312
0.07987088
0.07442473
0.06896551
0.0634941
0.0580114
0.05251832
0.04701579
0.04122194
0.03915242
0.0477797
0.06272279
0.08033934
0.09810465
0.09615505
0.09428162
0.0924232
0.09053483
0.08865369
0.08673052
0.06894783
0.05272091
0.04122194
0.03915242
0.04470749
0.05024784
0.05577195
0.06127839
0.06676585
0.06679112
0.06477034
0.06274482
0.06071456
0.05867957
0.05663984
0.05459536
0.05254614
0.05049217
0.04843347
0.04637004
0.04430192
0.04222913
0.04015173
0.03806977
0.03598335
0.03389256
0.03179752
0.02969836
0.02759524
0.02548833
0.02337784
0.02126398
0.01914698
0.0170271
0.01490462
0.02428791
0.04322925
0.06351557
0.08393375
0.10413067
0.12392205
0.12836399
0.1278471
0.10814073
0.08800197
0.0676002
0.04723436
0.0277967
0.01490462
0.0170271
0.01914698
0.02126398
0.02337784
0.02548833
0.02759524
0.02969836
0.03179752
0.03389256
0.03598335
0.03806977
0.04015173
0.04222913
0.04430192
0.04637004
0.04843347
0.05049217
0.05254614
0.05459536
0.05663984
0.05867957
0.06071456
0.06274482
0.06401351
0.05963116
0.05524192
0.05084629
0.04644475
0.04203782
0.03745349
0.03282987
0.03277169
0.04456813
0.06162884
0.08047071
0.08554683
0.08664919
0.08731639
0.08774132
0.08795302
0.0879456
0.08056993
0.06175225
0.04468774
0.03282987
0.03277169
0.03740392
0.04201734
0.04644475
0.05084629
0.05524192
0.05963116
0.06401351
0.06838847
0.07275558
0.07711433
0.08146426
0.08580489
0.09013574
0.09445636
0.09876627
0.10306502
0.10735214
0.1116272
0.11588972
0.12013928
0.12437541
0.12274316
0.11498168
0.10719145
0.09937358
0.09150576
0.0833976
0.07523268
0.06701502
0.05874912
0.05511054
0.05949503
0.07035725
0.08510301
0.10185211
0.11952064
0.13748696
0.1366273
0.13555537
0.11766567
0.10010778
0.0835352
0.06909267
0.05874912
0.05511054
0.05949503
0.06786846
0.07619402
0.08424931
0.09217467
0.10007504
0.10794901
0.11579531
0.12361284
0.13140064
0.13915794
0.14688409
0.1545786
0.16224112
0.16987142
0.17746939
0.18503501
0.18461436
0.17562567
0.16657641
0.15746622
0.1482952
0.1390639
0.12977335
0.12042504
0.11102096
0.10156353
0.09205567
0.08208223
0.0720037
0.06568702
0.0660253
0.07292051
0.08468012
0.09941812
0.11578147
0.1329198
0.14669826
0.14828428
0.13122583
0.11413957
0.09789343
0.08337815
0.0720037
0.06568702
0.0660253
0.07292051
0.08310913
0.09288721
0.10245656
0.1119684
0.11970336
0.11510081
0.11087489
0.10707267
0.10374294
0.10093437
0.09844095
0.09650061
0.09518471
0.09451977
0.09451977
0.09518471
0.09650061
0.09844095
0.10096909
0.10404135
0.10761008
0.11162644
0.11153313
0.10331166
0.09490921
0.08645647
0.07795639
0.06941235
0.06082815
0.05732113
0.06154694
0.07208809
0.0865107
0.1029848
0.12042294
0.13818996
0.1372081
0.13665571
0.11884086
0.10141464
0.08504507
0.07087945
0.06082815
0.05732113
0.06154694
0.07019842
0.07879635
0.08733576
0.09566169
0.10384519
0.10540821
0.10318812
0.10116577
0.09939754
0.09789816
0.09668096
0.09575733
0.09513633
0.09482422
0.09482422
0.09513633
0.09575733
0.09668096
0.09693937
0.09167941
0.08640116
0.08110483
0.07579076
0.0704594
0.06511135
0.0597473
0.05436808
0.04897465
0.04356806
0.03814947
0.03930864
0.05049087
0.06669379
0.08487943
0.1037569
0.1227292
0.13749314
0.13803208
0.11917013
0.10013592
0.08129472
0.06333181
0.04777379
0.03814947
0.03930864
0.04485034
0.05036406
0.05576451
0.06104928
0.06632714
0.07159758
0.0768601
0.08211425
0.08735956
0.09259559
0.09782194
0.09527889
0.09169239
0.08809572
0.08448805
0.08086864
0.07723679
0.07359191
0.06993349
0.06626114
0.06257459
0.05887366
0.05515834
0.05142873
0.04768507
0.04392774
0.04015724
0.03637422
0.03257944
0.02877378
0.02634635
0.03642875
0.05353523
0.07267623
0.09235035
0.11200242
0.13135183
0.13148208
0.12402489
0.1045465
0.08485298
0.06529589
0.04665445
0.03129184
0.02634635
0.03009837
0.03384589
0.03758847
0.04132571
0.04505725
0.04878277
0.05250201
0.05621474
0.05992078
0.06361998
0.06731227
0.07099757
0.07467589
0.07834726
0.08201171
0.08566935
0.08932028
0.09296465
0.09660259
0.10023427
0.10385986
0.09798197
0.09195417
0.08590896
0.07984712
0.07376953
0.0676771
0.0615708
0.05529576
0.04888728
0.04317947
0.0459394
0.05717653
0.07293306
0.09067657
0.10919474
0.12787913
0.135787
0.13631063
0.11773708
0.09913612
0.08096949
0.06410442
0.05035153
0.04317947
0.0459394
0.05241386
0.05865202
0.06478474
0.0709055
0.07701335
0.08310738
0.08918672
0.09525055
0.10129807
0.10732856
0.11334131
0.11933567
0.12531103
0.1312668
0.13720242
0.14311739
0.1490112
0.15488338
0.149914
0.14190881
0.1338563
0.12575708
0.11761208
0.10942252
0.10118995
0.09291623
0.08460353
0.07625102
0.06745229
0.05945765
0.05784469
0.06381641
0.07550675
0.09056194
0.10735797
0.12494377
0.14275658
0.1414599
0.13221152
0.11450612
0.09731861
0.08140971
0.06808951
0.05945765
0.05784469
0.06381641
0.07266622
0.08109383
0.0894834
0.09783214
0.10613759
0.11439762
0.12261046
0.13077469
0.13888922
0.14695335
0.15496669
0.16292919
0.17084111
0.178703
0.17446224
0.16674445
0.1589814
0.15117291
0.14331903
0.13542005
0.12747652
0.11948927
0.1114594
0.10338831
0.09527766
0.0871294
0.07894575
0.07068616
0.06199495
0.05651666
0.05883032
0.06810609
0.08187485
0.09806258
0.11541534
0.13321257
0.13966622
0.14079462
0.12291225
0.10527413
0.08846008
0.07346286
0.06199495
0.05651666
0.05883032
0.06713717
0.0754106
0.08364225
0.09183052
0.09997256
0.10806592
0.11610851
0.12409866
0.13203511
0.13991699
0.14241766
0.13868413
0.13343437
0.12816304
0.12287086
0.11755854
0.1122268
0.10687637
0.10150802
0.0961225
0.0907206
0.08530312
0.07987088
0.07442473
0.06896551
0.0634941
0.0580114
0.05251832
0.04701579
0.04122194
0.03915242
0.0477797
0.06272279
0.08033934
0.09810465
0.09615505
0.09428162
0.0924232
0.09053483
0.08865369
0.08673052
0.06894783
0.05272091
0.04122194
0.03915242
0.04470749
0.05024784
0.05577195
0.06127839
0.06676585
0.06679112
0.06477034
0.06274482
0.06071456
0.05867957
0.05663984
0.05459536
0.05254614
0.05049217
0.04843347
0.04637004
0.04430192
0.04222913
0.04015173
0.03806977
0.03598335
0.03389256
0.03179752
0.02969836
0.02759524
0.02548833
0.02337784
0.02126398
0.01914698
0.0170271
0.01490462
0.02428791
0.04322925
0.06351557
0.08393375
0.10413067
0.12392205
0.12836399
0.1278471
0.10814073
0.08800197
0.0676002
0.04723436
0.0277967
0.01490462
0.0170271
0.01914698
0.02126398
0.02337784
0.02548833
0.02759524
0.02969836
0.03179752
0.03389256
0.03598335
0.03806977
0.04015173
0.04222913
0.04430192
0.04637004
0.04843347
0.05049217
0.05254614
0.05459536
0.05663984
0.05867957
0.06071456
0.06274482
0.06401351
0.05963116
0.05524192
0.05084629
0.04644475
0.04203782
0.03745349
0.03282987
0.03277169
0.04456813
0.06162884
0.08047071
0.08554683
0.08664919
0.08731639
0.08774132
0.08795302
0.0879456
0.08056993
0.06175225
0.04468774
0.03282987
0.03277169
0.03740392
0.04201734
0.04644475
0.05084629
0.05524192
0.05963116
0.06401351
0.06838847
0.07275558
0.07711433
0.08146426
0.08580489
0.09013574
0.09445636
0.09876627
0.10306502
0.10735214
0.1116272
0.11588972
0.12013928
0.12437541
0.12274316
0.11498168
0.10719145
0.09937358
0.09150576
0.0833976
0.07523268
0.06701502
0.05874912
0.05511054
0.05949503
0.07035725
0.08510301
0.10185211
0.11952064
0.13748696
