###############################################
# Alcances iniciales
# Version 1
# 
###############################################
0.00539928
0.00544089
0.006435
0.00802204
0.00989977
0.01190513
0.01395375
0.01599773
0.01800647
0.01995817
0.02183593
0.02362585
0.02531607
0.02689616
0.02835691
0.02969013
0.03088854
0.03194573
0.03285616
0.03361509
0.03421864
0.03466374
0.03494816
0.03503021
0.03482757
0.0344637
0.03394059
0.03326104
0.03242873
0.03144817
0.03032476
0.02906478
0.02767542
0.0261649
0.0245425
0.02281883
0.0210061
0.01911869
0.01717411
0.01519482
0.01321157
0.01127014
0.00944468
0.00786297
0.00673888
0.00634622
0.00634622
0.00681991
0.00800025
0.0096135
0.01145494
0.01340344
0.01538847
0.01736614
0.01930671
0.02118834
0.02299385
0.02470911
0.0263221
0.02782234
0.02920064
0.03044891
0.03156004
0.03252783
0.03334697
0.03401304
0.03452244
0.03487245
0.03506117
0.03495145
0.03465346
0.03419509
0.03357867
0.03280736
0.03188516
0.03081692
0.02960831
0.02826588
0.02679707
0.02521028
0.02351498
0.0217219
0.01984337
0.01789393
0.01589146
0.01385931
0.01183071
0.00985805
0.00803346
0.0065305
0.00565017
0.00565017
0.00570657
0.00667453
0.00822447
0.01006948
0.01204806
0.0140742
0.01609842
0.01808899
0.02002333
0.02188405
0.02365692
0.02532983
0.02689222
0.02833477
0.02964921
0.03082821
0.03186534
0.03275501
0.03349249
0.03407387
0.03449605
0.03475679
0.03478901
0.0345601
0.03416896
0.03361742
0.03290816
0.03204461
0.03103102
0.02987241
0.02857455
0.02714399
0.02558805
0.02391483
0.02213326
0.02025323
0.01828574
0.01624334
0.0141409
0.01199739
0.00983999
0.00771503
0.00572113
0.00411819
0.0035357
0.0035357
0.00440857
0.0061339
0.00816799
0.01030289
0.01245662
0.01458868
0.01667427
0.01869556
0.02063829
0.02249032
0.02424093
0.02588047
0.02740021
0.02879222
0.03004938
0.03116531
0.0321344
0.03295182
0.03361348
0.03411611
0.0344572
0.03463507
0.03449833
0.03418436
0.03370841
0.03307279
0.0322806
0.03133573
0.03024281
0.02900725
0.02763518
0.02613348
0.02450976
0.02277238
0.02093052
0.01899422
0.01697466
0.01488458
0.01273921
0.01055849
0.00837291
0.00624107
0.00431451
0.00308038
0.00308038
0.00342776
0.00503566
0.00707515
0.00924024
0.0114307
0.01360275
0.01573121
0.01779841
0.01979026
0.02169471
0.02350107
0.02519964
0.02678157
0.0282388
0.02956399
0.03075056
0.03179267
0.0326852
0.03342381
0.03400495
0.03442583
0.03468448
0.03471114
0.03447924
0.03408529
0.03353136
0.03282037
0.03195604
0.03094291
0.02978635
0.02849255
0.02706857
0.02552235
0.02386282
0.02210003
0.02024541
0.0183122
0.01631635
0.01427807
0.01222522
0.01020042
0.00827745
0.00659895
0.00544282
0.00519859
0.00519859
0.00598401
0.00747096
0.00930987
0.01130506
0.01335785
0.01541429
0.01744105
0.01941494
0.02131834
0.02313689
0.02485836
0.02647212
0.02796872
0.02933975
0.03057775
0.03167612
0.03262911
0.03343181
0.0317152
0.02114625
0.01057396
1.66533454e-16
0.01057396
0.02114625
0.0317152
0.03349234
0.03270482
0.03176814
0.03068754
0.02946916
0.02812008
0.02664839
0.02506331
0.02337538
0.02159674
0.01974169
0.01782759
0.01587651
0.0139182
0.01199584
0.01017696
0.00857338
0.00736718
0.00680147
0.00680147
0.00704376
0.00801744
0.00948574
0.01123512
0.01312775
0.01508088
0.01704305
0.01897991
0.02086669
0.02268434
0.02441744
0.02605302
0.02757992
0.0289884
0.03026992
0.03141697
0.03242303
0.0332825
0.03399065
0.03454365
0.03493851
0.03517313
0.03515745
0.03490723
0.03449688
0.03392859
0.0332054
0.03233122
0.03131081
0.03014983
0.02885487
0.02743348
0.02589424
0.02424695
0.02250281
0.02067485
0.01877858
0.01683321
0.01486378
0.01290529
0.01101062
0.00926569
0.00781497
0.00688212
0.0067066
0.0067066
0.00734562
0.00860959
0.01025126
0.01209344
0.01402931
0.01599461
0.01794818
0.01986147
0.02171319
0.02348649
0.02516741
0.02674406
0.02820611
0.0295445
0.03075126
0.03181943
0.03274297
0.03351674
0.03413646
0.03459873
0.03490099
0.03501949
0.03483485
0.03448842
0.03398185
0.03331764
0.03249907
0.03153028
0.03041619
0.02916256
0.02777597
0.02626384
0.02463448
0.02289719
0.02106244
0.01914212
0.01715013
0.01510344
0.01302423
0.01094452
0.00891685
0.00704073
0.00552525
0.00476786
0.00476786
0.00513059
0.00642035
0.00819342
0.01017605
0.01223829
0.01431473
0.01636757
0.01837177
0.0203088
0.02216381
0.02392425
0.02557923
0.02711905
0.02853508
0.02981958
0.03096568
0.03196734
0.03281933
0.03351723
0.03405741
0.03443706
0.03465417
0.03459684
0.03432245
0.03388561
0.03328835
0.03253349
0.0316246
0.03056604
0.02936288
0.02802092
0.02654665
0.02494726
0.02323058
0.0214051
0.01948
0.01746517
0.01537132
0.01321035
0.01099605
0.0087461
0.00648844
0.00428737
0.00240578
0.00213422
0.00213422
0.00383443
0.00600287
0.00825468
0.01050729
0.01272854
0.01489934
0.01700531
0.01903424
0.02097521
0.02281816
0.02455378
0.02617345
0.02766918
0.02903367
0.03026028
0.03134305
0.03227675
0.03305688
0.03367969
0.03414218
0.03444214
0.03454955
0.03435654
0.03400006
0.03348186
0.03280449
0.03197127
0.03098629
0.02985439
0.02858115
0.0271729
0.02563667
0.02398021
0.02221202
0.02034137
0.01837842
0.01633442
0.0142222
0.01205717
0.00985989
0.007663
0.00553422
0.00367117
0.0027576
0.0027576
0.00362304
0.00547218
0.00759902
0.00979814
0.01199989
0.01417101
0.01629072
0.01834347
0.02031636
0.02219807
0.02397842
0.02564809
0.02719855
0.02862201
0.02991139
0.03106034
0.03206326
0.03291527
0.03361226
0.0341509
0.03452863
0.03474371
0.03468295
0.03440767
0.03397085
0.03337482
0.03262274
0.03171856
0.03066707
0.02947388
0.02814547
0.02668915
0.02511318
0.02342685
0.02164066
0.01976659
0.01781871
0.01581421
0.01377537
0.01173375
0.00973919
0.0078803
0.006329
0.00539928
0.00539928
0.00544089
0.006435
0.00802204
0.00989977
0.01190513
0.01395375
0.01599773
0.01800647
0.01995817
0.02183593
0.02362585
0.02531607
0.02689616
0.02835691
0.02969013
0.03088854
0.03194573
0.03285616
0.03361509
0.03421864
0.03466374
0.03494816
0.03503021
0.03482757
0.0344637
0.03394059
0.03326104
0.03242873
0.03144817
0.03032476
0.02906478
0.02767542
0.0261649
0.0245425
0.02281883
0.0210061
0.01911869
0.01717411
0.01519482
0.01321157
0.01127014
0.00944468
0.00786297
0.00673888
0.00634622
0.00634622
0.00681991
0.00800025
0.0096135
0.01145494
0.01340344
0.01538847
0.01736614
0.01930671
0.02118834
0.02299385
0.02470911
0.0263221
0.02782234
0.02920064
0.03044891
0.03156004
0.03252783
0.03334697
0.03401304
0.03452244
0.03487245
0.03506117
0.03495145
0.03465346
0.03419509
0.03357867
0.03280736
0.03188516
0.03081692
0.02960831
0.02826588
0.02679707
0.02521028
0.02351498
0.0217219
0.01984337
0.01789393
0.01589146
0.01385931
0.01183071
0.00985805
0.00803346
0.0065305
0.00565017
0.00565017
0.00570657
0.00667453
0.00822447
0.01006948
0.01204806
0.0140742
0.01609842
0.01808899
0.02002333
0.02188405
0.02365692
0.02532983
0.02689222
0.02833477
0.02964921
0.03082821
0.03186534
0.03275501
0.03349249
0.03407387
0.03449605
0.03475679
0.03478901
0.0345601
0.03416896
0.03361742
0.03290816
0.03204461
0.03103102
0.02987241
0.02857455
0.02714399
0.02558805
0.02391483
0.02213326
0.02025323
0.01828574
0.01624334
0.0141409
0.01199739
0.00983999
0.00771503
0.00572113
0.00411819
0.0035357
0.0035357
0.00440857
0.0061339
0.00816799
0.01030289
0.01245662
0.01458868
0.01667427
0.01869556
0.02063829
0.02249032
0.02424093
0.02588047
0.02740021
0.02879222
0.03004938
0.03116531
0.0321344
0.03295182
0.03361348
0.03411611
0.0344572
0.03463507
0.03449833
0.03418436
0.03370841
0.03307279
0.0322806
0.03133573
0.03024281
0.02900725
0.02763518
0.02613348
0.02450976
0.02277238
0.02093052
0.01899422
0.01697466
0.01488458
0.01273921
0.01055849
0.00837291
0.00624107
0.00431451
0.00308038
0.00308038
0.00342776
0.00503566
0.00707515
0.00924024
0.0114307
0.01360275
0.01573121
0.01779841
0.01979026
0.02169471
0.02350107
0.02519964
0.02678157
0.0282388
0.02956399
0.03075056
0.03179267
0.0326852
0.03342381
0.03400495
0.03442583
0.03468448
0.03471114
0.03447924
0.03408529
0.03353136
0.03282037
0.03195604
0.03094291
0.02978635
0.02849255
0.02706857
0.02552235
0.02386282
0.02210003
0.02024541
0.0183122
0.01631635
0.01427807
0.01222522
0.01020042
0.00827745
0.00659895
0.00544282
0.00519859
0.00519859
0.00598401
0.00747096
0.00930987
0.01130506
0.01335785
0.01541429
0.01744105
0.01941494
0.02131834
0.02313689
0.02485836
0.02647212
0.02796872
0.02933975
0.03057775
0.03167612
0.03262911
0.03343181
0.0317152
0.02114625
0.01057396
1.66533454e-16
0.01057396
0.02114625
0.0317152
0.03349234
0.03270482
0.03176814
0.03068754
0.02946916
0.02812008
0.02664839
0.02506331
0.02337538
0.02159674
0.01974169
0.01782759
0.01587651
0.0139182
0.01199584
0.01017696
0.00857338
0.00736718
0.00680147
0.00680147
0.00704376
0.00801744
0.00948574
0.01123512
0.01312775
0.01508088
0.01704305
0.01897991
0.02086669
0.02268434
0.02441744
0.02605302
0.02757992
0.0289884
0.03026992
0.03141697
0.03242303
0.0332825
0.03399065
0.03454365
0.03493851
0.03517313
0.03515745
0.03490723
0.03449688
0.03392859
0.0332054
0.03233122
0.03131081
0.03014983
0.02885487
0.02743348
0.02589424
0.02424695
0.02250281
0.02067485
0.01877858
0.01683321
0.01486378
0.01290529
0.01101062
0.00926569
0.00781497
0.00688212
0.0067066
0.0067066
0.00734562
0.00860959
0.01025126
0.01209344
0.01402931
0.01599461
0.01794818
0.01986147
0.02171319
0.02348649
0.02516741
0.02674406
0.02820611
0.0295445
0.03075126
0.03181943
0.03274297
0.03351674
0.03413646
0.03459873
0.03490099
0.03501949
0.03483485
0.03448842
0.03398185
0.03331764
0.03249907
0.03153028
0.03041619
0.02916256
0.02777597
0.02626384
0.02463448
0.02289719
0.02106244
0.01914212
0.01715013
0.01510344
0.01302423
0.01094452
0.00891685
0.00704073
0.00552525
0.00476786
0.00476786
0.00513059
0.00642035
0.00819342
0.01017605
0.01223829
0.01431473
0.01636757
0.01837177
0.0203088
0.02216381
0.02392425
0.02557923
0.02711905
0.02853508
0.02981958
0.03096568
0.03196734
0.03281933
0.03351723
0.03405741
0.03443706
0.03465417
0.03459684
0.03432245
0.03388561
0.03328835
0.03253349
0.0316246
0.03056604
0.02936288
0.02802092
0.02654665
0.02494726
0.02323058
0.0214051
0.01948
0.01746517
0.01537132
0.01321035
0.01099605
0.0087461
0.00648844
0.00428737
0.00240578
0.00213422
0.00213422
0.00383443
0.00600287
0.00825468
0.01050729
0.01272854
0.01489934
0.01700531
0.01903424
0.02097521
0.02281816
0.02455378
0.02617345
0.02766918
0.02903367
0.03026028
0.03134305
0.03227675
0.03305688
0.03367969
0.03414218
0.03444214
0.03454955
0.03435654
0.03400006
0.03348186
0.03280449
0.03197127
0.03098629
0.02985439
0.02858115
0.0271729
0.02563667
0.02398021
0.02221202
0.02034137
0.01837842
0.01633442
0.0142222
0.01205717
0.00985989
0.007663
0.00553422
0.00367117
0.0027576
0.0027576
0.00362304
0.00547218
0.00759902
0.00979814
0.01199989
0.01417101
0.01629072
0.01834347
0.02031636
0.02219807
0.02397842
0.02564809
0.02719855
0.02862201
0.02991139
0.03106034
0.03206326
0.03291527
0.03361226
0.0341509
0.03452863
0.03474371
0.03468295
0.03440767
0.03397085
0.03337482
0.03262274
0.03171856
0.03066707
0.02947388
0.02814547
0.02668915
0.02511318
0.02342685
0.02164066
0.01976659
0.01781871
0.01581421
0.01377537
0.01173375
0.00973919
0.0078803
0.006329
0.00539928
