###############################################
# Alcances iniciales
# Version 1
# 
###############################################
0.00291743
0.00292708
0.00458169
0.00674992
0.00904629
0.011365
0.01366369
0.01591868
0.01811336
0.02023442
0.02227035
0.02421089
0.0260467
0.02776927
0.02937083
0.03084436
0.03218359
0.03338302
0.0344379
0.03534433
0.03609921
0.03670032
0.03714629
0.03743669
0.03755376
0.03738435
0.03706731
0.03660723
0.03600985
0.03528212
0.03443227
0.03346998
0.03240646
0.03125468
0.03002962
0.02874855
0.02743138
0.02610115
0.02478444
0.02351177
0.02231781
0.02124096
0.02032215
0.01960213
0.01911727
0.01889438
0.01889438
0.01894579
0.01926689
0.01983692
0.02062298
0.02158529
0.02268205
0.02387295
0.02512108
0.02639369
0.02766222
0.02890198
0.03009168
0.03121298
0.03225007
0.03318933
0.03401906
0.03472921
0.0353113
0.0357582
0.03606407
0.03622428
0.03609477
0.03580127
0.03535449
0.03475504
0.03400455
0.03310556
0.03206158
0.03087703
0.02955731
0.02810875
0.02653875
0.0248558
0.02306972
0.0211919
0.01923589
0.01721833
0.0151608
0.01309337
0.01106197
0.00914409
0.00748108
0.00632555
0.00601094
0.00601094
0.00666959
0.00806271
0.00987018
0.01188378
0.0139897
0.01612395
0.01824705
0.02033205
0.02235889
0.02431157
0.02617675
0.02794293
0.0296
0.03113904
0.03255217
0.03383241
0.03497373
0.03597096
0.0368198
0.03751685
0.0380596
0.03844642
0.03867662
0.03866906
0.03843466
0.03805042
0.03752054
0.03685035
0.03604627
0.03511598
0.03406844
0.03291407
0.0316649
0.03033479
0.02893978
0.02749841
0.02603226
0.02456658
0.02313087
0.02175958
0.02049243
0.01937389
0.01845135
0.01777093
0.0173711
0.01727528
0.01727528
0.01748622
0.01798509
0.01873574
0.01969193
0.02080449
0.02202635
0.02331518
0.02463425
0.02595225
0.0272427
0.02848322
0.02965485
0.03074148
0.03172943
0.03260705
0.03336449
0.03399349
0.03448723
0.03484021
0.03504816
0.03501778
0.03477663
0.03438479
0.03384355
0.03315527
0.03232339
0.03135247
0.03024822
0.02901763
0.02766903
0.02621236
0.02465944
0.02302449
0.02132483
0.01958213
0.01782419
0.01608797
0.01442394
0.01290222
0.01161863
0.01069397
0.01025225
0.01025225
0.01037123
0.01103779
0.01215773
0.01360764
0.01527627
0.01707794
0.01895013
0.02084731
0.02273549
0.02458842
0.02638517
0.02810849
0.02974385
0.03127882
0.0327026
0.03400583
0.03518036
0.03621916
0.03711625
0.03786664
0.03846633
0.03891225
0.03920231
0.03931105
0.03913025
0.0387946
0.03830676
0.03767039
0.03689016
0.03597182
0.0349222
0.03374936
0.03246263
0.03107282
0.02959236
0.02803571
0.0264197
0.02476418
0.02309283
0.02143433
0.01982373
0.01830412
0.01692798
0.01575706
0.01485882
0.014297
0.0141166
0.0141166
0.01432918
0.01490802
0.01579704
0.01692685
0.01822861
0.0196416
0.02111539
0.02260916
0.0240901
0.02553167
0.02691222
0.02821387
0.02743186
0.02497476
0.02735497
0.03236744
0.03309401
0.03368196
0.03412667
0.03442475
0.03457313
0.03442229
0.03412254
0.0336761
0.03308635
0.03235787
0.0314965
0.03050946
0.02940545
0.02819492
0.02689027
0.02550635
0.02406094
0.02257563
0.02107684
0.01959733
0.01817786
0.01686892
0.01573146
0.01483482
0.01424918
0.01403151
0.01403151
0.01420917
0.01477067
0.01567053
0.01684428
0.01822381
0.0197469
0.02136082
0.02302233
0.02469632
0.02635413
0.02797208
0.02953033
0.03101209
0.03240294
0.03369044
0.01467724
0.03591375
0.03683219
0.03761231
0.03824836
0.03873568
0.0390706
0.03925045
0.03913911
0.03884738
0.0383995
0.03779753
0.0370445
0.03614438
0.0351021
0.03392355
0.03261569
0.03118654
0.02964535
0.02800272
0.02627086
0.02446402
0.02259907
0.02069649
0.01878195
0.01688878
0.01506191
0.01336366
0.01188081
0.01072851
0.01003776
0.0099111
0.0099111
0.0103639
0.01131243
0.01262442
0.01417358
0.01586176
0.01761841
0.01939333
0.02115008
0.02286136
0.02450594
0.02606684
0.02753014
0.02888422
0.03011932
0.03122723
0.03220109
0.03303525
0.03372521
0.03426758
0.03466004
0.0349013
0.03493047
0.03472117
0.03436635
0.03387023
0.03323829
0.03247731
0.03159549
0.03060263
0.0295103
0.0283321
0.02708407
0.02578508
0.02445747
0.02312772
0.02182722
0.02059293
0.01946766
0.01849928
0.01773803
0.01723143
0.01701679
0.01701679
0.01711357
0.01751883
0.01820829
0.01914222
0.02027326
0.02155307
0.02293652
0.02438353
0.02585949
0.02733482
0.02878434
0.03018651
0.03152287
0.03277748
0.03262555
0.01467724
0.03592177
0.03672867
0.03740116
0.03793283
0.0383184
0.03855368
0.03856165
0.03833097
0.03794322
0.03739905
0.03670004
0.03584868
0.03484829
0.0337031
0.03241816
0.03099938
0.02945354
0.02778829
0.02601224
0.02413504
0.02216759
0.0201224
0.01801419
0.01586118
0.01368748
0.01152827
0.0094414
0.00753466
0.00602433
0.0052903
0.0052903
0.00564947
0.00692241
0.00869587
0.01069686
0.01278847
0.01490009
0.01699086
0.01903404
0.02101024
0.02290425
0.02470352
0.02639735
0.02797641
0.02743186
0.02497476
0.02735497
0.03299725
0.03390012
0.03465388
0.03525605
0.03570507
0.03600036
0.03613228
0.03597273
0.03566715
0.03522021
0.03463773
0.03392684
0.03309603
0.03215533
0.03111641
0.02999291
0.0288006
0.02755784
0.02628593
0.02500959
0.02375747
0.02256245
0.02146169
0.02049581
0.01970701
0.01913553
0.01881469
0.01876543
0.01876543
0.01899234
0.01948277
0.02020944
0.02113546
0.02221963
0.02342071
0.02470008
0.02602298
0.02735886
0.02868112
0.02996679
0.03119596
0.03235142
0.03341824
0.03438351
0.03523602
0.03596615
0.03656569
0.03702772
0.03734652
0.03751753
0.03740324
0.03711403
0.03666915
0.03606905
0.03531507
0.03440947
0.03335533
0.0321566
0.03081799
0.02934503
0.02774398
0.02602188
0.02418649
0.02224634
0.02021076
0.01809004
0.01589567
0.01364099
0.01134267
0.00902446
0.006729
0.0045632
0.00291743
0.00291743
0.00292708
0.00458169
0.00674992
0.00904629
0.011365
0.01366369
0.01591868
0.01811336
0.02023442
0.02227035
0.02421089
0.0260467
0.02776927
0.02937083
0.03084436
0.03218359
0.03338302
0.0344379
0.03534433
0.03609921
0.03670032
0.03714629
0.03743669
0.03755376
0.03738435
0.03706731
0.03660723
0.03600985
0.03528212
0.03443227
0.03346998
0.03240646
0.03125468
0.03002962
0.02874855
0.02743138
0.02610115
0.02478444
0.02351177
0.02231781
0.02124096
0.02032215
0.01960213
0.01911727
0.01889438
0.01889438
0.01894579
0.01926689
0.01983692
0.02062298
0.02158529
0.02268205
0.02387295
0.02512108
0.02639369
0.02766222
0.02890198
0.03009168
0.03121298
0.03225007
0.03318933
0.03401906
0.03472921
0.0353113
0.0357582
0.03606407
0.03622428
0.03609477
0.03580127
0.03535449
0.03475504
0.03400455
0.03310556
0.03206158
0.03087703
0.02955731
0.02810875
0.02653875
0.0248558
0.02306972
0.0211919
0.01923589
0.01721833
0.0151608
0.01309337
0.01106197
0.00914409
0.00748108
0.00632555
0.00601094
0.00601094
0.00666959
0.00806271
0.00987018
0.01188378
0.0139897
0.01612395
0.01824705
0.02033205
0.02235889
0.02431157
0.02617675
0.02794293
0.0296
0.03113904
0.03255217
0.03383241
0.03497373
0.03597096
0.0368198
0.03751685
0.0380596
0.03844642
0.03867662
0.03866906
0.03843466
0.03805042
0.03752054
0.03685035
0.03604627
0.03511598
0.03406844
0.03291407
0.0316649
0.03033479
0.02893978
0.02749841
0.02603226
0.02456658
0.02313087
0.02175958
0.02049243
0.01937389
0.01845135
0.01777093
0.0173711
0.01727528
0.01727528
0.01748622
0.01798509
0.01873574
0.01969193
0.02080449
0.02202635
0.02331518
0.02463425
0.02595225
0.0272427
0.02848322
0.02965485
0.03074148
0.03172943
0.03260705
0.03336449
0.03399349
0.03448723
0.03484021
0.03504816
0.03501778
0.03477663
0.03438479
0.03384355
0.03315527
0.03232339
0.03135247
0.03024822
0.02901763
0.02766903
0.02621236
0.02465944
0.02302449
0.02132483
0.01958213
0.01782419
0.01608797
0.01442394
0.01290222
0.01161863
0.01069397
0.01025225
0.01025225
0.01037123
0.01103779
0.01215773
0.01360764
0.01527627
0.01707794
0.01895013
0.02084731
0.02273549
0.02458842
0.02638517
0.02810849
0.02974385
0.03127882
0.0327026
0.03400583
0.03518036
0.03621916
0.03711625
0.03786664
0.03846633
0.03891225
0.03920231
0.03931105
0.03913025
0.0387946
0.03830676
0.03767039
0.03689016
0.03597182
0.0349222
0.03374936
0.03246263
0.03107282
0.02959236
0.02803571
0.0264197
0.02476418
0.02309283
0.02143433
0.01982373
0.01830412
0.01692798
0.01575706
0.01485882
0.014297
0.0141166
0.0141166
0.01432918
0.01490802
0.01579704
0.01692685
0.01822861
0.0196416
0.02111539
0.02260916
0.0240901
0.02553167
0.02691222
0.02821387
0.02743186
0.02497476
0.02735497
0.03236744
0.03309401
0.03368196
0.03412667
0.03442475
0.03457313
0.03442229
0.03412254
0.0336761
0.03308635
0.03235787
0.0314965
0.03050946
0.02940545
0.02819492
0.02689027
0.02550635
0.02406094
0.02257563
0.02107684
0.01959733
0.01817786
0.01686892
0.01573146
0.01483482
0.01424918
0.01403151
0.01403151
0.01420917
0.01477067
0.01567053
0.01684428
0.01822381
0.0197469
0.02136082
0.02302233
0.02469632
0.02635413
0.02797208
0.02953033
0.03101209
0.03240294
0.03369044
0.01467724
0.03591375
0.03683219
0.03761231
0.03824836
0.03873568
0.0390706
0.03925045
0.03913911
0.03884738
0.0383995
0.03779753
0.0370445
0.03614438
0.0351021
0.03392355
0.03261569
0.03118654
0.02964535
0.02800272
0.02627086
0.02446402
0.02259907
0.02069649
0.01878195
0.01688878
0.01506191
0.01336366
0.01188081
0.01072851
0.01003776
0.0099111
0.0099111
0.0103639
0.01131243
0.01262442
0.01417358
0.01586176
0.01761841
0.01939333
0.02115008
0.02286136
0.02450594
0.02606684
0.02753014
0.02888422
0.03011932
0.03122723
0.03220109
0.03303525
0.03372521
0.03426758
0.03466004
0.0349013
0.03493047
0.03472117
0.03436635
0.03387023
0.03323829
0.03247731
0.03159549
0.03060263
0.0295103
0.0283321
0.02708407
0.02578508
0.02445747
0.02312772
0.02182722
0.02059293
0.01946766
0.01849928
0.01773803
0.01723143
0.01701679
0.01701679
0.01711357
0.01751883
0.01820829
0.01914222
0.02027326
0.02155307
0.02293652
0.02438353
0.02585949
0.02733482
0.02878434
0.03018651
0.03152287
0.03277748
0.03262555
0.01467724
0.03592177
0.03672867
0.03740116
0.03793283
0.0383184
0.03855368
0.03856165
0.03833097
0.03794322
0.03739905
0.03670004
0.03584868
0.03484829
0.0337031
0.03241816
0.03099938
0.02945354
0.02778829
0.02601224
0.02413504
0.02216759
0.0201224
0.01801419
0.01586118
0.01368748
0.01152827
0.0094414
0.00753466
0.00602433
0.0052903
0.0052903
0.00564947
0.00692241
0.00869587
0.01069686
0.01278847
0.01490009
0.01699086
0.01903404
0.02101024
0.02290425
0.02470352
0.02639735
0.02797641
0.02743186
0.02497476
0.02735497
0.03299725
0.03390012
0.03465388
0.03525605
0.03570507
0.03600036
0.03613228
0.03597273
0.03566715
0.03522021
0.03463773
0.03392684
0.03309603
0.03215533
0.03111641
0.02999291
0.0288006
0.02755784
0.02628593
0.02500959
0.02375747
0.02256245
0.02146169
0.02049581
0.01970701
0.01913553
0.01881469
0.01876543
0.01876543
0.01899234
0.01948277
0.02020944
0.02113546
0.02221963
0.02342071
0.02470008
0.02602298
0.02735886
0.02868112
0.02996679
0.03119596
0.03235142
0.03341824
0.03438351
0.03523602
0.03596615
0.03656569
0.03702772
0.03734652
0.03751753
0.03740324
0.03711403
0.03666915
0.03606905
0.03531507
0.03440947
0.03335533
0.0321566
0.03081799
0.02934503
0.02774398
0.02602188
0.02418649
0.02224634
0.02021076
0.01809004
0.01589567
0.01364099
0.01134267
0.00902446
0.006729
0.0045632
0.00291743
