###############################################
# Alcances iniciales
# Version 1
# 
###############################################
0.02770638
0.0257403
0.02367755
0.02154541
0.01937963
0.0172292
0.01516423
0.01328817
0.01175186
0.01075299
0.01048211
0.01048211
0.0110103
0.01223472
0.01396037
0.01600318
0.01822718
0.02053919
0.02287503
0.02518874
0.02744579
0.02961897
0.03168609
0.03362852
0.03543033
0.03707782
0.03855917
0.03986425
0.04098448
0.04191283
0.04264369
0.04317291
0.04349778
0.04353078
0.0432407
0.04274989
0.04206294
0.041186
0.04012685
0.0388949
0.0375014
0.03595955
0.03428476
0.03249499
0.03061132
0.02865862
0.02666667
0.02467161
0.02271798
0.02086117
0.0191697
0.01772594
0.01662174
0.01594504
0.01575682
0.01575682
0.01606862
0.01683665
0.01797806
0.01939611
0.02099931
0.02271002
0.0244656
0.02621643
0.02792318
0.02955438
0.03108462
0.03249313
0.03376291
0.03488
0.03583309
0.03661318
0.03721339
0.03762881
0.03785642
0.03774531
0.03740973
0.03689268
0.0362005
0.0353416
0.03432666
0.03316883
0.03188408
0.03049167
0.02901475
0.02748117
0.02592453
0.02438539
0.02291249
0.02156347
0.02040417
0.01950499
0.01893293
0.01873959
0.01873959
0.01894887
0.01955072
0.02050458
0.02175037
0.02322079
0.02485047
0.02658067
0.02836071
0.03014769
0.03190547
0.03360348
0.03521576
0.03672013
0.03809756
0.03933171
0.04040855
0.04131619
0.04204461
0.04258559
0.04293256
0.04302624
0.04276764
0.04230432
0.0416373
0.04076895
0.03970305
0.03844476
0.03700054
0.03537825
0.03358706
0.03163761
0.029542
0.02731405
0.02496964
0.02252732
0.02000956
0.01744514
0.01487398
0.0123578
0.01000425
0.00801964
0.00678326
0.00673892
0.00673892
0.00789759
0.00981692
0.01210514
0.0145479
0.01703414
0.01950102
0.0219085
0.02422824
0.02643852
0.02852175
0.03046318
0.03225028
0.03387232
0.03532023
0.03658644
0.03766487
0.03855091
0.03924143
0.03973475
0.04003077
0.04003818
0.03975734
0.03929483
0.03865898
0.03786006
0.03691049
0.03582503
0.03462104
0.0333188
0.03194196
0.03051802
0.02907884
0.02766116
0.02630692
0.02506296
0.02397986
0.02310904
0.02249803
0.02218417
0.02218417
0.02218822
0.02251024
0.02312961
0.02400913
0.02510138
0.02635506
0.02771969
0.02914846
0.03059949
0.03203602
0.03342615
0.03474234
0.03596088
0.03706138
0.03802638
0.038841
0.0394927
0.03997105
0.04026757
0.04029035
0.04000846
0.03952834
0.02845502
0.0253784
0.03457441
0.03564548
0.0342019
0.03258119
0.03079182
0.02884369
0.02674826
0.02451874
0.02217051
0.01972195
0.017196
0.01462369
0.01205211
0.00956458
0.00733501
0.00575726
0.00548469
0.00548469
0.00669372
0.00878271
0.01124785
0.01385705
0.01650393
0.01913151
0.02170375
0.02419467
0.02658369
0.02885353
0.03098922
0.03297757
0.03480688
0.03646685
0.03794849
0.03924408
0.04034723
0.04125284
0.04195715
0.04245776
0.04275364
0.04273436
0.04242442
0.0419203
0.04122851
0.04035724
0.03931645
0.03811802
0.03677592
0.03530644
0.03372858
0.03206442
0.0303398
0.02858504
0.02683592
0.02513468
0.02353099
0.02208209
0.02085134
0.01990373
0.01929739
0.01907215
0.01907215
0.01923928
0.01977781
0.02063989
0.02176187
0.02307572
0.02451693
0.02602836
0.02756129
0.02907488
0.01632115
0.02255389
0.03318724
0.03433579
0.03534309
0.03619558
0.03688225
0.0373943
0.03772505
0.03782561
0.03759154
0.03716832
0.03655857
0.03576669
0.03479905
0.03366401
0.0323722
0.0309367
0.02937356
0.02770235
0.02594713
0.02413777
0.02231196
0.02051791
0.01881777
0.017291
0.01603516
0.01515894
0.01476152
0.01476152
0.01490074
0.01556931
0.01669944
0.01819135
0.01994237
0.02186289
0.0238803
0.02593735
0.02798882
0.0299985
0.03193682
0.03377922
0.03374227
0.03260047
0.03853817
0.03981749
0.0409232
0.04184597
0.04257813
0.04311357
0.04344774
0.0435013
0.04321891
0.0427316
0.04204207
0.04115446
0.04007433
0.03880875
0.03736627
0.03575703
0.03399288
0.03208758
0.03005709
0.02792008
0.02569879
0.02342029
0.02111874
0.01883908
0.01664296
0.01461805
0.01288938
0.01162378
0.01100133
0.01100133
0.01113228
0.01197821
0.01337863
0.01514672
0.01712982
0.01921901
0.02133905
0.02343704
0.02547438
0.0274218
0.02925627
0.03095927
0.0325156
0.03391277
0.03514052
0.03619061
0.03705665
0.03773397
0.03821963
0.03851235
0.03852239
0.03824572
0.03778829
0.03715774
0.0363638
0.03541838
0.0343359
0.03313353
0.03183159
0.03045406
0.02902922
0.02759031
0.02617622
0.02483202
0.02360875
0.02256209
0.02174878
0.02122075
0.0210171
0.0210171
0.02115664
0.02163383
0.0224203
0.02347108
0.02473258
0.02614949
0.02766937
0.02924488
0.03083447
0.03240217
0.03391698
0.03535226
0.03260047
0.03789561
0.03896694
0.0398845
0.04063595
0.04121096
0.04160102
0.0417994
0.04160238
0.0412015
0.04059787
0.03979241
0.03878741
0.03758649
0.03619455
0.03461774
0.02729621
0.01632115
0.02346085
0.02662497
0.02425563
0.02176147
0.0191561
0.01645427
0.01367236
0.01082964
0.00795258
0.00509412
0.00248535
0.00208099
0.00208099
0.00452082
0.00735844
0.01023391
0.01308118
0.015871
0.01858322
0.02120109
0.02370964
0.02609513
0.02834488
0.03044721
0.03239145
0.03416794
0.03576815
0.03718465
0.03841121
0.03944283
0.0402758
0.04090772
0.0413376
0.04156585
0.04142663
0.04106761
0.04052401
0.03980428
0.03891875
0.03787975
0.03670182
0.03540197
0.03399999
0.03251884
0.03098517
0.02942992
0.02788888
0.02640326
0.02501974
0.02378974
0.0227671
0.02200368
0.02154275
0.02141154
0.02141154
0.02161549
0.02213689
0.0229385
0.02397059
0.02517832
0.02650749
0.027908
0.02933533
0.03075081
0.03212122
0.03341822
0.03461765
0.03569896
0.03664477
0.03744043
0.0253784
0.02845502
0.03881565
0.03881475
0.03852645
0.03804477
0.03737069
0.03650686
0.03545759
0.03422891
0.03282863
0.03126645
0.02955425
0.02770638
0.0257403
0.02367755
0.02154541
0.01937963
0.0172292
0.01516423
0.01328817
0.01175186
0.01075299
0.01048211
0.01048211
0.0110103
0.01223472
0.01396037
0.01600318
0.01822718
0.02053919
0.02287503
0.02518874
0.02744579
0.02961897
0.03168609
0.03362852
0.03543033
0.03707782
0.03855917
0.03986425
0.04098448
0.04191283
0.04264369
0.04317291
0.04349778
0.04353078
0.0432407
0.04274989
0.04206294
0.041186
0.04012685
0.0388949
0.0375014
0.03595955
0.03428476
0.03249499
0.03061132
0.02865862
0.02666667
0.02467161
0.02271798
0.02086117
0.0191697
0.01772594
0.01662174
0.01594504
0.01575682
0.01575682
0.01606862
0.01683665
0.01797806
0.01939611
0.02099931
0.02271002
0.0244656
0.02621643
0.02792318
0.02955438
0.03108462
0.03249313
0.03376291
0.03488
0.03583309
0.03661318
0.03721339
0.03762881
0.03785642
0.03774531
0.03740973
0.03689268
0.0362005
0.0353416
0.03432666
0.03316883
0.03188408
0.03049167
0.02901475
0.02748117
0.02592453
0.02438539
0.02291249
0.02156347
0.02040417
0.01950499
0.01893293
0.01873959
0.01873959
0.01894887
0.01955072
0.02050458
0.02175037
0.02322079
0.02485047
0.02658067
0.02836071
0.03014769
0.03190547
0.03360348
0.03521576
0.03672013
0.03809756
0.03933171
0.04040855
0.04131619
0.04204461
0.04258559
0.04293256
0.04302624
0.04276764
0.04230432
0.0416373
0.04076895
0.03970305
0.03844476
0.03700054
0.03537825
0.03358706
0.03163761
0.029542
0.02731405
0.02496964
0.02252732
0.02000956
0.01744514
0.01487398
0.0123578
0.01000425
0.00801964
0.00678326
0.00673892
0.00673892
0.00789759
0.00981692
0.01210514
0.0145479
0.01703414
0.01950102
0.0219085
0.02422824
0.02643852
0.02852175
0.03046318
0.03225028
0.03387232
0.03532023
0.03658644
0.03766487
0.03855091
0.03924143
0.03973475
0.04003077
0.04003818
0.03975734
0.03929483
0.03865898
0.03786006
0.03691049
0.03582503
0.03462104
0.0333188
0.03194196
0.03051802
0.02907884
0.02766116
0.02630692
0.02506296
0.02397986
0.02310904
0.02249803
0.02218417
0.02218417
0.02218822
0.02251024
0.02312961
0.02400913
0.02510138
0.02635506
0.02771969
0.02914846
0.03059949
0.03203602
0.03342615
0.03474234
0.03596088
0.03706138
0.03802638
0.038841
0.0394927
0.03997105
0.04026757
0.04029035
0.04000846
0.03952834
0.02845502
0.0253784
0.03457441
0.03564548
0.0342019
0.03258119
0.03079182
0.02884369
0.02674826
0.02451874
0.02217051
0.01972195
0.017196
0.01462369
0.01205211
0.00956458
0.00733501
0.00575726
0.00548469
0.00548469
0.00669372
0.00878271
0.01124785
0.01385705
0.01650393
0.01913151
0.02170375
0.02419467
0.02658369
0.02885353
0.03098922
0.03297757
0.03480688
0.03646685
0.03794849
0.03924408
0.04034723
0.04125284
0.04195715
0.04245776
0.04275364
0.04273436
0.04242442
0.0419203
0.04122851
0.04035724
0.03931645
0.03811802
0.03677592
0.03530644
0.03372858
0.03206442
0.0303398
0.02858504
0.02683592
0.02513468
0.02353099
0.02208209
0.02085134
0.01990373
0.01929739
0.01907215
0.01907215
0.01923928
0.01977781
0.02063989
0.02176187
0.02307572
0.02451693
0.02602836
0.02756129
0.02907488
0.01632115
0.02255389
0.03318724
0.03433579
0.03534309
0.03619558
0.03688225
0.0373943
0.03772505
0.03782561
0.03759154
0.03716832
0.03655857
0.03576669
0.03479905
0.03366401
0.0323722
0.0309367
0.02937356
0.02770235
0.02594713
0.02413777
0.02231196
0.02051791
0.01881777
0.017291
0.01603516
0.01515894
0.01476152
0.01476152
0.01490074
0.01556931
0.01669944
0.01819135
0.01994237
0.02186289
0.0238803
0.02593735
0.02798882
0.0299985
0.03193682
0.03377922
0.03374227
0.03260047
0.03853817
0.03981749
0.0409232
0.04184597
0.04257813
0.04311357
0.04344774
0.0435013
0.04321891
0.0427316
0.04204207
0.04115446
0.04007433
0.03880875
0.03736627
0.03575703
0.03399288
0.03208758
0.03005709
0.02792008
0.02569879
0.02342029
0.02111874
0.01883908
0.01664296
0.01461805
0.01288938
0.01162378
0.01100133
0.01100133
0.01113228
0.01197821
0.01337863
0.01514672
0.01712982
0.01921901
0.02133905
0.02343704
0.02547438
0.0274218
0.02925627
0.03095927
0.0325156
0.03391277
0.03514052
0.03619061
0.03705665
0.03773397
0.03821963
0.03851235
0.03852239
0.03824572
0.03778829
0.03715774
0.0363638
0.03541838
0.0343359
0.03313353
0.03183159
0.03045406
0.02902922
0.02759031
0.02617622
0.02483202
0.02360875
0.02256209
0.02174878
0.02122075
0.0210171
0.0210171
0.02115664
0.02163383
0.0224203
0.02347108
0.02473258
0.02614949
0.02766937
0.02924488
0.03083447
0.03240217
0.03391698
0.03535226
0.03260047
0.03789561
0.03896694
0.0398845
0.04063595
0.04121096
0.04160102
0.0417994
0.04160238
0.0412015
0.04059787
0.03979241
0.03878741
0.03758649
0.03619455
0.03461774
0.02729621
0.01632115
0.02346085
0.02662497
0.02425563
0.02176147
0.0191561
0.01645427
0.01367236
0.01082964
0.00795258
0.00509412
0.00248535
0.00208099
0.00208099
0.00452082
0.00735844
0.01023391
0.01308118
0.015871
0.01858322
0.02120109
0.02370964
0.02609513
0.02834488
0.03044721
0.03239145
0.03416794
0.03576815
0.03718465
0.03841121
0.03944283
0.0402758
0.04090772
0.0413376
0.04156585
0.04142663
0.04106761
0.04052401
0.03980428
0.03891875
0.03787975
0.03670182
0.03540197
0.03399999
0.03251884
0.03098517
0.02942992
0.02788888
0.02640326
0.02501974
0.02378974
0.0227671
0.02200368
0.02154275
0.02141154
0.02141154
0.02161549
0.02213689
0.0229385
0.02397059
0.02517832
0.02650749
0.027908
0.02933533
0.03075081
0.03212122
0.03341822
0.03461765
0.03569896
0.03664477
0.03744043
0.0253784
0.02845502
0.03881565
0.03881475
0.03852645
0.03804477
0.03737069
0.03650686
0.03545759
0.03422891
0.03282863
0.03126645
0.02955425
